540
0 0 0 0
1 60 300 360
2 10 456 476
3 14 392 408
4 13 422 463
5 20 217 228
6 15 49 83
7 19 268 280
8 11 250 267
9 18 437 464
10 11 93 109
11 17 191 221
12 20 445 459
13 17 95 112
14 17 100 132
15 20 380 416
16 14 171 208
17 16 443 466
18 15 395 407
19 20 37 49
20 12 31 44
21 14 406 440
22 10 411 439
23 12 241 274
24 10 36 85
25 10 468 501
26 10 37 52
27 11 45 82
28 16 252 285
29 11 410 452
30 20 93 141
31 18 418 441
32 12 87 133
33 19 106 154
34 20 380 392
35 18 176 204
36 10 468 486
37 13 443 455
38 16 258 301
39 18 454 467
40 11 421 445
41 20 106 144
42 11 390 401
43 11 151 168
44 10 170 206
45 14 426 467
46 17 479 497
47 18 63 103
48 17 428 472
49 11 451 495
50 13 242 278
51 19 118 141
52 18 436 485
53 13 126 173
54 18 42 59
55 16 393 424
56 17 468 493
57 14 381 419
58 14 182 219
59 14 395 434
60 17 231 267
61 16 186 216
62 17 18 29
63 17 93 105
64 20 65 76
65 14 476 524
66 18 218 250
67 18 278 307
68 18 421 436
69 12 450 493
70 15 223 248
71 12 448 488
72 19 231 250
73 19 227 248
74 12 259 270
75 11 140 174
76 18 471 498
77 10 469 487
78 13 272 313
79 17 396 427
80 15 417 436
81 12 367 411
82 13 395 443
83 15 72 110
84 16 60 110
85 15 387 401
86 12 250 279
87 16 403 422
88 10 1 16
89 10 421 453
90 13 5 50
91 19 222 254
92 20 63 75
93 15 469 483
94 19 79 100
95 18 396 407
96 12 396 429
97 17 383 428
98 14 203 245
99 19 184 209
100 11 178 220
101 12 157 206
102 16 471 503
103 18 32 51
104 10 388 403
105 10 412 425
106 18 425 455
107 15 442 480
108 13 435 458
109 11 473 492
110 19 442 452
111 14 386 403
112 19 383 406
113 12 371 413
114 14 386 412
115 12 478 494
116 11 420 430
117 16 113 156
118 16 368 391
119 18 408 430
120 13 364 414
121 14 447 458
122 19 455 471
123 13 391 436
124 20 431 478
125 18 152 166
126 15 432 443
127 10 107 130
128 15 192 209
129 12 15 51
130 20 124 151
131 17 180 202
132 18 234 263
133 13 403 427
134 18 378 417
135 12 437 459
136 15 82 112
137 12 445 470
138 16 369 406
139 14 378 394
140 12 389 432
141 12 366 388
142 13 376 413
143 13 217 238
144 20 229 265
145 12 474 514
146 16 240 284
147 16 258 304
148 10 270 318
149 15 427 443
150 17 478 523
151 13 369 388
152 14 473 484
153 10 90 107
154 17 137 175
155 12 365 377
156 13 438 482
157 17 254 277
158 10 175 200
159 20 195 243
160 15 398 446
161 12 421 459
162 14 460 495
163 17 433 460
164 20 402 423
165 18 21 31
166 17 44 67
167 12 365 414
168 19 61 108
169 20 142 180
170 11 385 410
171 14 410 426
172 11 257 281
173 19 109 137
174 20 99 115
175 13 247 284
176 12 455 494
177 14 175 214
178 10 97 140
179 14 219 247
180 18 426 465
181 19 145 175
182 14 150 170
183 11 470 520
184 17 374 384
185 19 99 127
186 12 124 140
187 11 213 228
188 19 387 436
189 14 392 440
190 13 400 423
191 11 40 71
192 12 234 246
193 10 243 259
194 18 410 441
195 10 411 447
196 14 404 452
197 19 127 153
198 15 387 415
199 10 466 476
200 10 379 414
201 11 362 378
202 16 62 92
203 20 94 128
204 11 461 508
205 15 397 409
206 20 225 256
207 14 106 136
208 18 42 76
209 17 402 425
210 16 123 156
211 11 469 491
212 10 470 513
213 15 428 445
214 19 273 317
215 20 382 432
216 11 151 171
217 12 274 311
218 11 392 434
219 19 25 55
220 14 234 277
221 16 403 440
222 16 363 394
223 19 403 450
224 12 186 205
225 13 435 484
226 20 369 401
227 14 234 268
228 12 473 489
229 14 20 37
230 13 31 55
231 19 429 460
232 12 194 220
233 20 235 275
234 18 272 289
235 12 446 491
236 13 50 67
237 14 237 275
238 15 465 501
239 18 163 198
240 10 472 510
241 13 456 496
242 11 223 261
243 15 370 416
244 13 397 437
245 15 378 409
246 12 164 191
247 19 51 85
248 17 447 467
249 10 407 448
250 14 460 509
251 10 380 392
252 14 32 51
253 12 429 442
254 11 427 466
255 13 52 70
256 11 427 463
257 19 170 185
258 11 211 257
259 16 220 246
260 12 162 187
261 10 109 152
262 16 90 120
263 14 385 404
264 10 122 139
265 18 423 436
266 10 403 438
267 15 23 65
268 19 399 415
269 10 469 513
270 12 429 464
271 15 110 148
272 12 274 294
273 18 263 274
274 19 12 52
275 17 174 220
276 15 475 494
277 20 456 474
278 14 165 202
279 17 279 320
280 10 22 65
281 14 425 443
282 16 113 158
283 12 190 219
284 17 377 396
285 20 451 476
286 18 187 216
287 14 453 488
288 18 234 266
289 17 78 100
290 19 456 486
291 12 265 315
292 11 217 253
293 20 207 233
294 13 411 439
295 17 130 163
296 16 92 142
297 16 433 465
298 14 390 433
299 15 365 411
