540
0 0 0 0
1 60 300 360
2 16 435 449
3 20 180 197
4 19 443 475
5 20 264 279
6 19 403 432
7 16 257 295
8 11 385 429
9 13 368 383
10 14 362 372
11 17 118 163
12 11 427 453
13 16 373 385
14 13 262 285
15 15 189 233
16 10 64 111
17 16 175 212
18 20 54 101
19 19 439 476
20 14 25 70
21 11 425 439
22 12 105 146
23 12 463 483
24 13 439 468
25 18 427 441
26 10 386 400
27 13 107 140
28 10 381 417
29 17 370 409
30 18 235 254
31 13 466 478
32 20 448 470
33 18 373 384
34 10 160 197
35 13 457 491
36 14 211 228
37 10 406 427
38 19 427 439
39 13 457 498
40 17 445 480
41 17 151 173
42 17 476 519
43 19 436 464
44 11 382 419
45 10 190 230
46 20 453 489
47 15 442 455
48 14 158 201
49 20 456 484
50 16 197 247
51 16 21 46
52 15 360 409
53 18 149 171
54 18 457 497
55 10 405 434
56 18 110 140
57 11 367 382
58 11 180 214
59 13 208 243
60 19 434 447
61 17 260 271
62 12 245 285
63 17 390 437
64 14 271 311
65 19 444 470
66 17 158 184
67 16 111 140
68 17 270 281
69 20 467 507
70 11 271 288
71 17 429 446
72 19 254 292
73 20 372 419
74 12 460 510
75 10 407 427
76 17 1 47
77 13 476 520
78 15 190 223
79 14 239 286
80 14 463 488
81 12 196 215
82 18 129 164
83 11 455 496
84 13 113 157
85 20 415 455
86 11 397 413
87 13 38 84
88 13 412 460
89 19 447 489
90 15 244 260
91 16 242 282
92 15 420 457
93 10 463 496
94 14 34 45
95 19 166 192
96 17 455 466
97 19 146 158
98 17 238 273
99 11 439 482
