0 1 16
0 2 15
0 3 13
0 4 15
0 5 15
0 6 14
0 7 12
0 8 14
0 9 16
0 10 13
0 11 13
0 12 17
0 13 15
0 14 15
0 15 13
0 16 15
0 17 14
0 18 14
0 19 13
0 20 17
0 21 16
0 22 14
0 23 18
0 24 19
0 25 21
0 26 15
0 27 12
0 28 13
0 29 17
0 30 10
0 31 12
0 32 19
0 33 16
0 34 18
0 35 9
0 36 14
0 37 13
0 38 17
0 39 15
0 40 11
0 41 13
0 42 11
0 43 11
0 44 9
0 45 10
0 46 15
0 47 14
0 48 15
0 49 15
0 50 13
0 51 17
0 52 8
0 53 13
0 54 13
0 55 13
0 56 17
0 57 17
0 58 16
0 59 12
0 60 13
0 61 15
0 62 16
0 63 14
0 64 14
0 65 13
0 66 16
0 67 10
0 68 14
0 69 18
0 70 12
0 71 22
0 72 14
0 73 13
0 74 13
0 75 13
0 76 15
0 77 18
0 78 14
0 79 15
0 80 14
0 81 16
0 82 16
0 83 14
0 84 17
0 85 14
0 86 18
0 87 13
0 88 15
0 89 17
0 90 16
0 91 17
0 92 16
0 93 18
0 94 15
0 95 19
0 96 17
0 97 7
0 98 19
0 99 14
1 2 18
1 3 15
1 4 12
1 5 12
1 6 18
1 7 21
1 8 13
1 9 10
1 10 17
1 11 13
1 12 12
1 13 15
1 14 16
1 15 15
1 16 14
1 17 11
1 18 14
1 19 17
1 20 18
1 21 19
1 22 12
1 23 13
1 24 16
1 25 18
1 26 14
1 27 11
1 28 11
1 29 14
1 30 15
1 31 17
1 32 18
1 33 11
1 34 19
1 35 14
1 36 6
1 37 13
1 38 12
1 39 15
1 40 14
1 41 8
1 42 14
1 43 13
1 44 14
1 45 11
1 46 14
1 47 10
1 48 19
1 49 13
1 50 17
1 51 12
1 52 14
1 53 13
1 54 17
1 55 16
1 56 14
1 57 15
1 58 16
1 59 21
1 60 14
1 61 16
1 62 18
1 63 17
1 64 16
1 65 12
1 66 18
1 67 19
1 68 12
1 69 9
1 70 13
1 71 10
1 72 15
1 73 15
1 74 12
1 75 16
1 76 11
1 77 11
1 78 15
1 79 15
1 80 18
1 81 17
1 82 18
1 83 19
1 84 11
1 85 12
1 86 12
1 87 14
1 88 13
1 89 20
1 90 16
1 91 12
1 92 18
1 93 12
1 94 16
1 95 15
1 96 12
1 97 15
1 98 9
1 99 18
2 3 22
2 4 17
2 5 16
2 6 9
2 7 14
2 8 16
2 9 18
2 10 10
2 11 19
2 12 16
2 13 16
2 14 16
2 15 12
2 16 15
2 17 14
2 18 13
2 19 15
2 20 8
2 21 11
2 22 13
2 23 18
2 24 14
2 25 18
2 26 12
2 27 14
2 28 13
2 29 11
2 30 16
2 31 13
2 32 16
2 33 14
2 34 19
2 35 15
2 36 14
2 37 11
2 38 25
2 39 17
2 40 18
2 41 19
2 42 16
2 43 13
2 44 17
2 45 12
2 46 20
2 47 11
2 48 15
2 49 12
2 50 7
2 51 10
2 52 13
2 53 17
2 54 14
2 55 14
2 56 14
2 57 16
2 58 12
2 59 16
2 60 12
2 61 12
2 62 15
2 63 15
2 64 9
2 65 14
2 66 20
2 67 12
2 68 13
2 69 20
2 70 12
2 71 15
2 72 17
2 73 16
2 74 12
2 75 14
2 76 17
2 77 21
2 78 21
2 79 17
2 80 10
2 81 17
2 82 17
2 83 17
2 84 15
2 85 11
2 86 12
2 87 17
2 88 15
2 89 16
2 90 15
2 91 15
2 92 15
2 93 14
2 94 15
2 95 14
2 96 12
2 97 11
2 98 21
2 99 16
3 4 14
3 5 8
3 6 12
3 7 15
3 8 15
3 9 16
3 10 12
3 11 10
3 12 15
3 13 15
3 14 13
3 15 16
3 16 15
3 17 17
3 18 13
3 19 12
3 20 12
3 21 13
3 22 18
3 23 14
3 24 16
3 25 15
3 26 14
3 27 8
3 28 17
3 29 17
3 30 17
3 31 12
3 32 18
3 33 15
3 34 14
3 35 17
3 36 16
3 37 14
3 38 17
3 39 10
3 40 12
3 41 13
3 42 18
3 43 17
3 44 16
3 45 14
3 46 17
3 47 17
3 48 15
3 49 14
3 50 15
3 51 13
3 52 16
3 53 15
3 54 8
3 55 16
3 56 14
3 57 14
3 58 16
3 59 17
3 60 18
3 61 17
3 62 10
3 63 20
3 64 17
3 65 9
3 66 15
3 67 18
3 68 14
3 69 13
3 70 17
3 71 15
3 72 10
3 73 18
3 74 15
3 75 14
3 76 21
3 77 17
3 78 14
3 79 16
3 80 16
3 81 9
3 82 10
3 83 11
3 84 18
3 85 10
3 86 14
3 87 18
3 88 17
3 89 14
3 90 10
3 91 10
3 92 17
3 93 12
3 94 12
3 95 18
3 96 17
3 97 15
3 98 15
3 99 10
4 5 19
4 6 17
4 7 12
4 8 12
4 9 18
4 10 17
4 11 14
4 12 13
4 13 14
4 14 14
4 15 15
4 16 17
4 17 15
4 18 12
4 19 21
4 20 9
4 21 15
4 22 15
4 23 14
4 24 9
4 25 18
4 26 12
4 27 15
4 28 12
4 29 25
4 30 22
4 31 13
4 32 13
4 33 15
4 34 14
4 35 17
4 36 15
4 37 17
4 38 17
4 39 12
4 40 12
4 41 13
4 42 14
4 43 7
4 44 13
4 45 12
4 46 19
4 47 11
4 48 11
4 49 13
4 50 12
4 51 15
4 52 16
4 53 16
4 54 15
4 55 15
4 56 9
4 57 17
4 58 9
4 59 12
4 60 18
4 61 15
4 62 13
4 63 17
4 64 15
4 65 19
4 66 12
4 67 18
4 68 19
4 69 16
4 70 17
4 71 18
4 72 20
4 73 15
4 74 14
4 75 20
4 76 15
4 77 11
4 78 17
4 79 12
4 80 12
4 81 15
4 82 17
4 83 10
4 84 11
4 85 14
4 86 15
4 87 16
4 88 16
4 89 18
4 90 14
4 91 11
4 92 15
4 93 18
4 94 10
4 95 17
4 96 18
4 97 8
4 98 13
4 99 18
5 6 16
5 7 16
5 8 18
5 9 16
5 10 12
5 11 12
5 12 14
5 13 20
5 14 12
5 15 15
5 16 15
5 17 12
5 18 14
5 19 19
5 20 15
5 21 17
5 22 18
5 23 18
5 24 17
5 25 17
5 26 10
5 27 18
5 28 12
5 29 14
5 30 16
5 31 10
5 32 8
5 33 14
5 34 13
5 35 16
5 36 15
5 37 15
5 38 13
5 39 13
5 40 11
5 41 12
5 42 17
5 43 14
5 44 18
5 45 16
5 46 18
5 47 12
5 48 11
5 49 21
5 50 14
5 51 18
5 52 12
5 53 18
5 54 18
5 55 18
5 56 13
5 57 10
5 58 16
5 59 11
5 60 10
5 61 12
5 62 15
5 63 16
5 64 11
5 65 13
5 66 13
5 67 11
5 68 14
5 69 10
5 70 12
5 71 14
5 72 16
5 73 12
5 74 17
5 75 12
5 76 15
5 77 13
5 78 15
5 79 18
5 80 17
5 81 18
5 82 16
5 83 18
5 84 14
5 85 13
5 86 10
5 87 11
5 88 15
5 89 15
5 90 19
5 91 12
5 92 14
5 93 18
5 94 13
5 95 9
5 96 18
5 97 15
5 98 7
5 99 13
6 7 17
6 8 15
6 9 19
6 10 17
6 11 11
6 12 14
6 13 13
6 14 16
6 15 14
6 16 15
6 17 13
6 18 13
6 19 10
6 20 16
6 21 18
6 22 15
6 23 22
6 24 18
6 25 22
6 26 14
6 27 14
6 28 16
6 29 17
6 30 13
6 31 11
6 32 15
6 33 18
6 34 16
6 35 12
6 36 13
6 37 18
6 38 18
6 39 11
6 40 18
6 41 14
6 42 15
6 43 15
6 44 17
6 45 14
6 46 16
6 47 7
6 48 10
6 49 13
6 50 10
6 51 13
6 52 17
6 53 10
6 54 14
6 55 14
6 56 17
6 57 17
6 58 17
6 59 9
6 60 9
6 61 17
6 62 12
6 63 18
6 64 20
6 65 20
6 66 13
6 67 17
6 68 16
6 69 15
6 70 18
6 71 16
6 72 15
6 73 14
6 74 11
6 75 15
6 76 14
6 77 13
6 78 16
6 79 17
6 80 13
6 81 17
6 82 11
6 83 15
6 84 10
6 85 20
6 86 16
6 87 16
6 88 13
6 89 12
6 90 17
6 91 20
6 92 11
6 93 17
6 94 21
6 95 11
6 96 11
6 97 16
6 98 15
6 99 15
7 8 21
7 9 12
7 10 10
7 11 18
7 12 14
7 13 12
7 14 18
7 15 16
7 16 17
7 17 17
7 18 14
7 19 14
7 20 15
7 21 17
7 22 14
7 23 13
7 24 12
7 25 13
7 26 9
7 27 13
7 28 10
7 29 11
7 30 15
7 31 17
7 32 12
7 33 15
7 34 13
7 35 19
7 36 16
7 37 18
7 38 12
7 39 18
7 40 8
7 41 16
7 42 8
7 43 17
7 44 17
7 45 16
7 46 13
7 47 15
7 48 19
7 49 10
7 50 12
7 51 17
7 52 12
7 53 14
7 54 19
7 55 16
7 56 15
7 57 11
7 58 11
7 59 12
7 60 15
7 61 13
7 62 8
7 63 14
7 64 10
7 65 17
7 66 17
7 67 16
7 68 18
7 69 16
7 70 13
7 71 13
7 72 17
7 73 19
7 74 20
7 75 20
7 76 15
7 77 12
7 78 16
7 79 17
7 80 15
7 81 20
7 82 13
7 83 18
7 84 20
7 85 16
7 86 19
7 87 12
7 88 14
7 89 14
7 90 16
7 91 17
7 92 14
7 93 13
7 94 17
7 95 15
7 96 14
7 97 16
7 98 17
7 99 13
8 9 18
8 10 17
8 11 19
8 12 16
8 13 13
8 14 12
8 15 17
8 16 18
8 17 17
8 18 19
8 19 10
8 20 12
8 21 18
8 22 13
8 23 13
8 24 17
8 25 9
8 26 11
8 27 16
8 28 16
8 29 14
8 30 9
8 31 5
8 32 14
8 33 8
8 34 11
8 35 16
8 36 18
8 37 15
8 38 21
8 39 16
8 40 16
8 41 15
8 42 15
8 43 14
8 44 10
8 45 13
8 46 13
8 47 13
8 48 13
8 49 10
8 50 10
8 51 16
8 52 14
8 53 14
8 54 18
8 55 14
8 56 22
8 57 8
8 58 9
8 59 19
8 60 15
8 61 18
8 62 16
8 63 16
8 64 14
8 65 11
8 66 15
8 67 12
8 68 16
8 69 15
8 70 10
8 71 16
8 72 17
8 73 10
8 74 16
8 75 12
8 76 15
8 77 13
8 78 11
8 79 11
8 80 19
8 81 15
8 82 17
8 83 17
8 84 13
8 85 13
8 86 14
8 87 19
8 88 15
8 89 12
8 90 17
8 91 13
8 92 16
8 93 16
8 94 19
8 95 15
8 96 18
8 97 18
8 98 19
8 99 10
9 10 13
9 11 12
9 12 16
9 13 14
9 14 18
9 15 19
9 16 8
9 17 11
9 18 17
9 19 14
9 20 14
9 21 22
9 22 10
9 23 15
9 24 19
9 25 17
9 26 18
9 27 10
9 28 16
9 29 12
9 30 19
9 31 13
9 32 12
9 33 15
9 34 14
9 35 16
9 36 15
9 37 14
9 38 18
9 39 12
9 40 11
9 41 16
9 42 18
9 43 16
9 44 17
9 45 12
9 46 16
9 47 12
9 48 17
9 49 19
9 50 14
9 51 14
9 52 16
9 53 15
9 54 20
9 55 17
9 56 14
9 57 17
9 58 16
9 59 17
9 60 14
9 61 15
9 62 11
9 63 14
9 64 15
9 65 15
9 66 18
9 67 13
9 68 15
9 69 8
9 70 15
9 71 11
9 72 12
9 73 16
9 74 6
9 75 16
9 76 16
9 77 22
9 78 15
9 79 18
9 80 16
9 81 10
9 82 15
9 83 13
9 84 21
9 85 13
9 86 17
9 87 13
9 88 13
9 89 10
9 90 11
9 91 19
9 92 15
9 93 18
9 94 12
9 95 13
9 96 20
9 97 14
9 98 18
9 99 13
10 11 15
10 12 19
10 13 21
10 14 9
10 15 9
10 16 17
10 17 16
10 18 19
10 19 16
10 20 11
10 21 18
10 22 11
10 23 13
10 24 11
10 25 18
10 26 14
10 27 10
10 28 15
10 29 16
10 30 15
10 31 9
10 32 13
10 33 17
10 34 11
10 35 16
10 36 15
10 37 17
10 38 18
10 39 13
10 40 15
10 41 12
10 42 12
10 43 12
10 44 13
10 45 14
10 46 13
10 47 15
10 48 17
10 49 18
10 50 14
10 51 10
10 52 12
10 53 17
10 54 15
10 55 17
10 56 15
10 57 17
10 58 16
10 59 13
10 60 15
10 61 16
10 62 12
10 63 13
10 64 14
10 65 8
10 66 22
10 67 18
10 68 11
10 69 12
10 70 21
10 71 10
10 72 13
10 73 13
10 74 16
10 75 12
10 76 15
10 77 17
10 78 8
10 79 12
10 80 12
10 81 14
10 82 16
10 83 6
10 84 12
10 85 9
10 86 12
10 87 16
10 88 11
10 89 18
10 90 14
10 91 14
10 92 15
10 93 10
10 94 16
10 95 6
10 96 14
10 97 14
10 98 21
10 99 15
11 12 16
11 13 15
11 14 14
11 15 13
11 16 13
11 17 16
11 18 14
11 19 16
11 20 15
11 21 15
11 22 16
11 23 15
11 24 14
11 25 16
11 26 18
11 27 21
11 28 14
11 29 11
11 30 13
11 31 13
11 32 12
11 33 16
11 34 13
11 35 12
11 36 19
11 37 10
11 38 17
11 39 17
11 40 9
11 41 13
11 42 16
11 43 16
11 44 18
11 45 20
11 46 14
11 47 19
11 48 16
11 49 16
11 50 13
11 51 12
11 52 10
11 53 19
11 54 15
11 55 21
11 56 16
11 57 15
11 58 14
11 59 12
11 60 15
11 61 10
11 62 12
11 63 12
11 64 15
11 65 20
11 66 20
11 67 11
11 68 15
11 69 18
11 70 20
11 71 16
11 72 16
11 73 15
11 74 17
11 75 13
11 76 10
11 77 14
11 78 14
11 79 14
11 80 10
11 81 13
11 82 19
11 83 13
11 84 19
11 85 21
11 86 17
11 87 11
11 88 12
11 89 12
11 90 13
11 91 9
11 92 21
11 93 17
11 94 9
11 95 16
11 96 14
11 97 18
11 98 14
11 99 19
12 13 16
12 14 11
12 15 17
12 16 17
12 17 20
12 18 21
12 19 12
12 20 12
12 21 12
12 22 13
12 23 14
12 24 8
12 25 18
12 26 12
12 27 17
12 28 12
12 29 14
12 30 16
12 31 15
12 32 19
12 33 14
12 34 16
12 35 16
12 36 13
12 37 11
12 38 17
12 39 13
12 40 18
12 41 19
12 42 12
12 43 13
12 44 21
12 45 10
12 46 12
12 47 14
12 48 13
12 49 14
12 50 13
12 51 16
12 52 13
12 53 13
12 54 12
12 55 20
12 56 13
12 57 14
12 58 20
12 59 18
12 60 17
12 61 18
12 62 9
12 63 13
12 64 17
12 65 14
12 66 12
12 67 15
12 68 23
12 69 14
12 70 14
12 71 12
12 72 14
12 73 15
12 74 10
12 75 14
12 76 20
12 77 13
12 78 19
12 79 15
12 80 16
12 81 15
12 82 19
12 83 10
12 84 14
12 85 16
12 86 16
12 87 17
12 88 16
12 89 15
12 90 22
12 91 16
12 92 10
12 93 18
12 94 15
12 95 19
12 96 15
12 97 13
12 98 15
12 99 14
13 14 17
13 15 15
13 16 14
13 17 21
13 18 9
13 19 16
13 20 13
13 21 16
13 22 12
13 23 15
13 24 13
13 25 21
13 26 14
13 27 14
13 28 9
13 29 13
13 30 14
13 31 13
13 32 15
13 33 15
13 34 13
13 35 19
13 36 21
13 37 11
13 38 13
13 39 11
13 40 14
13 41 16
13 42 15
13 43 11
13 44 15
13 45 18
13 46 7
13 47 16
13 48 11
13 49 16
13 50 17
13 51 14
13 52 15
13 53 11
13 54 6
13 55 14
13 56 21
13 57 11
13 58 17
13 59 14
13 60 11
13 61 13
13 62 14
13 63 19
13 64 11
13 65 11
13 66 15
13 67 17
13 68 18
13 69 16
13 70 8
13 71 12
13 72 15
13 73 15
13 74 16
13 75 15
13 76 18
13 77 13
13 78 9
13 79 17
13 80 13
13 81 14
13 82 13
13 83 7
13 84 15
13 85 10
13 86 17
13 87 15
13 88 9
13 89 10
13 90 12
13 91 18
13 92 14
13 93 15
13 94 17
13 95 11
13 96 13
13 97 12
13 98 18
13 99 15
14 15 16
14 16 15
14 17 10
14 18 16
14 19 11
14 20 14
14 21 13
14 22 10
14 23 17
14 24 14
14 25 13
14 26 17
14 27 16
14 28 14
14 29 19
14 30 19
14 31 15
14 32 10
14 33 18
14 34 11
14 35 10
14 36 8
14 37 11
14 38 22
14 39 14
14 40 9
14 41 20
14 42 16
14 43 7
14 44 18
14 45 12
14 46 10
14 47 19
14 48 20
14 49 16
14 50 18
14 51 15
14 52 17
14 53 18
14 54 16
14 55 14
14 56 12
14 57 11
14 58 14
14 59 16
14 60 11
14 61 14
14 62 18
14 63 14
14 64 14
14 65 17
14 66 16
14 67 15
14 68 19
14 69 16
14 70 21
14 71 12
14 72 14
14 73 14
14 74 24
14 75 12
14 76 10
14 77 14
14 78 13
14 79 14
14 80 14
14 81 17
14 82 11
14 83 17
14 84 9
14 85 12
14 86 15
14 87 18
14 88 17
14 89 14
14 90 16
14 91 17
14 92 14
14 93 14
14 94 13
14 95 18
14 96 18
14 97 15
14 98 17
14 99 13
15 16 13
15 17 17
15 18 12
15 19 14
15 20 11
15 21 12
15 22 18
15 23 17
15 24 16
15 25 13
15 26 17
15 27 14
15 28 12
15 29 14
15 30 12
15 31 11
15 32 10
15 33 15
15 34 15
15 35 11
15 36 9
15 37 12
15 38 13
15 39 18
15 40 10
15 41 11
15 42 12
15 43 16
15 44 9
15 45 15
15 46 11
15 47 12
15 48 18
15 49 12
15 50 12
15 51 14
15 52 18
15 53 13
15 54 14
15 55 16
15 56 16
15 57 18
15 58 17
15 59 18
15 60 14
15 61 15
15 62 16
15 63 9
15 64 13
15 65 17
15 66 19
15 67 14
15 68 10
15 69 16
15 70 16
15 71 14
15 72 16
15 73 13
15 74 18
15 75 14
15 76 16
15 77 18
15 78 22
15 79 15
15 80 20
15 81 14
15 82 15
15 83 15
15 84 14
15 85 8
15 86 12
15 87 15
15 88 15
15 89 15
15 90 13
15 91 15
15 92 9
15 93 14
15 94 14
15 95 14
15 96 12
15 97 12
15 98 19
15 99 15
16 17 16
16 18 15
16 19 18
16 20 11
16 21 16
16 22 12
16 23 17
16 24 15
16 25 14
16 26 14
16 27 10
16 28 18
16 29 16
16 30 18
16 31 15
16 32 14
16 33 14
16 34 15
16 35 11
16 36 15
16 37 12
16 38 15
16 39 17
16 40 16
16 41 14
16 42 12
16 43 12
16 44 13
16 45 12
16 46 14
16 47 13
16 48 17
16 49 11
16 50 11
16 51 16
16 52 12
16 53 18
16 54 16
16 55 12
16 56 14
16 57 11
16 58 15
16 59 17
16 60 16
16 61 18
16 62 15
16 63 14
16 64 12
16 65 12
16 66 15
16 67 15
16 68 12
16 69 16
16 70 11
16 71 15
16 72 18
16 73 14
16 74 13
16 75 14
16 76 16
16 77 16
16 78 15
16 79 11
16 80 13
16 81 18
16 82 11
16 83 18
16 84 11
16 85 13
16 86 15
16 87 15
16 88 14
16 89 12
16 90 15
16 91 13
16 92 15
16 93 15
16 94 17
16 95 18
16 96 13
16 97 20
16 98 18
16 99 15
17 18 14
17 19 17
17 20 14
17 21 18
17 22 13
17 23 8
17 24 20
17 25 14
17 26 16
17 27 19
17 28 17
17 29 18
17 30 19
17 31 14
17 32 20
17 33 15
17 34 14
17 35 17
17 36 17
17 37 15
17 38 14
17 39 15
17 40 13
17 41 12
17 42 11
17 43 20
17 44 17
17 45 12
17 46 16
17 47 19
17 48 15
17 49 15
17 50 17
17 51 17
17 52 13
17 53 12
17 54 17
17 55 12
17 56 16
17 57 14
17 58 14
17 59 14
17 60 15
17 61 13
17 62 13
17 63 16
17 64 17
17 65 16
17 66 16
17 67 13
17 68 13
17 69 18
17 70 14
17 71 9
17 72 14
17 73 9
17 74 13
17 75 12
17 76 14
17 77 18
17 78 11
17 79 14
17 80 12
17 81 14
17 82 7
17 83 14
17 84 13
17 85 15
17 86 14
17 87 14
17 88 14
17 89 16
17 90 16
17 91 13
17 92 15
17 93 16
17 94 13
17 95 15
17 96 14
17 97 12
17 98 12
17 99 18
18 19 18
18 20 11
18 21 17
18 22 12
18 23 12
18 24 18
18 25 9
18 26 12
18 27 15
18 28 15
18 29 12
18 30 13
18 31 10
18 32 15
18 33 9
18 34 12
18 35 18
18 36 15
18 37 15
18 38 19
18 39 10
18 40 8
18 41 12
18 42 14
18 43 15
18 44 10
18 45 15
18 46 10
18 47 14
18 48 14
18 49 12
18 50 15
18 51 17
18 52 13
18 53 16
18 54 14
18 55 15
18 56 17
18 57 20
18 58 19
18 59 15
18 60 11
18 61 15
18 62 16
18 63 14
18 64 12
18 65 12
18 66 17
18 67 13
18 68 10
18 69 11
18 70 12
18 71 14
18 72 12
18 73 19
18 74 13
18 75 18
18 76 13
18 77 17
18 78 14
18 79 20
18 80 13
18 81 16
18 82 11
18 83 13
18 84 23
18 85 16
18 86 20
18 87 12
18 88 17
18 89 10
18 90 16
18 91 10
18 92 23
18 93 14
18 94 13
18 95 19
18 96 18
18 97 17
18 98 18
18 99 11
19 20 14
19 21 17
19 22 6
19 23 16
19 24 7
19 25 12
19 26 16
19 27 17
19 28 15
19 29 15
19 30 17
19 31 13
19 32 18
19 33 17
19 34 16
19 35 14
19 36 16
19 37 16
19 38 14
19 39 16
19 40 14
19 41 15
19 42 19
19 43 15
19 44 13
19 45 15
19 46 13
19 47 15
19 48 13
19 49 16
19 50 21
19 51 17
19 52 12
19 53 13
19 54 17
19 55 14
19 56 14
19 57 13
19 58 12
19 59 14
19 60 8
19 61 10
19 62 14
19 63 17
19 64 18
19 65 18
19 66 16
19 67 14
19 68 17
19 69 16
19 70 10
19 71 15
19 72 14
19 73 12
19 74 13
19 75 15
19 76 16
19 77 18
19 78 14
19 79 15
19 80 16
19 81 19
19 82 11
19 83 15
19 84 17
19 85 12
19 86 16
19 87 20
19 88 15
19 89 12
19 90 10
19 91 15
19 92 12
19 93 15
19 94 13
19 95 10
19 96 11
19 97 15
19 98 17
19 99 12
20 21 13
20 22 13
20 23 16
20 24 11
20 25 14
20 26 15
20 27 14
20 28 14
20 29 19
20 30 15
20 31 14
20 32 16
20 33 15
20 34 13
20 35 15
20 36 14
20 37 15
20 38 10
20 39 14
20 40 10
20 41 9
20 42 16
20 43 17
20 44 8
20 45 13
20 46 15
20 47 20
20 48 17
20 49 17
20 50 15
20 51 15
20 52 15
20 53 15
20 54 13
20 55 14
20 56 17
20 57 16
20 58 14
20 59 15
20 60 18
20 61 15
20 62 11
20 63 8
20 64 9
20 65 15
20 66 16
20 67 16
20 68 16
20 69 15
20 70 16
20 71 14
20 72 14
20 73 11
20 74 18
20 75 17
20 76 9
20 77 12
20 78 16
20 79 11
20 80 12
20 81 15
20 82 13
20 83 15
20 84 12
20 85 13
20 86 17
20 87 12
20 88 16
20 89 16
20 90 13
20 91 14
20 92 20
20 93 13
20 94 14
20 95 17
20 96 16
20 97 18
20 98 16
20 99 16
21 22 17
21 23 15
21 24 17
21 25 12
21 26 15
21 27 15
21 28 8
21 29 12
21 30 19
21 31 15
21 32 9
21 33 14
21 34 20
21 35 17
21 36 17
21 37 15
21 38 18
21 39 19
21 40 16
21 41 16
21 42 14
21 43 10
21 44 17
21 45 14
21 46 14
21 47 16
21 48 11
21 49 14
21 50 12
21 51 18
21 52 18
21 53 14
21 54 14
21 55 13
21 56 16
21 57 14
21 58 12
21 59 13
21 60 12
21 61 11
21 62 15
21 63 14
21 64 19
21 65 16
21 66 16
21 67 17
21 68 17
21 69 18
21 70 14
21 71 14
21 72 12
21 73 12
21 74 11
21 75 15
21 76 21
21 77 9
21 78 15
21 79 19
21 80 15
21 81 22
21 82 12
21 83 14
21 84 13
21 85 12
21 86 13
21 87 18
21 88 15
21 89 14
21 90 13
21 91 12
21 92 7
21 93 12
21 94 14
21 95 14
21 96 12
21 97 19
21 98 14
21 99 19
22 23 20
22 24 14
22 25 21
22 26 19
22 27 12
22 28 11
22 29 21
22 30 18
22 31 16
22 32 14
22 33 15
22 34 16
22 35 15
22 36 16
22 37 18
22 38 14
22 39 9
22 40 11
22 41 17
22 42 17
22 43 13
22 44 13
22 45 18
22 46 16
22 47 9
22 48 14
22 49 13
22 50 17
22 51 9
22 52 16
22 53 9
22 54 15
22 55 13
22 56 16
22 57 12
22 58 10
22 59 12
22 60 20
22 61 14
22 62 10
22 63 14
22 64 11
22 65 18
22 66 15
22 67 14
22 68 12
22 69 13
22 70 20
22 71 14
22 72 7
22 73 18
22 74 14
22 75 15
22 76 13
22 77 12
22 78 13
22 79 13
22 80 15
22 81 11
22 82 15
22 83 13
22 84 10
22 85 12
22 86 12
22 87 11
22 88 15
22 89 12
22 90 15
22 91 14
22 92 14
22 93 13
22 94 14
22 95 13
22 96 15
22 97 14
22 98 11
22 99 11
23 24 11
23 25 14
23 26 15
23 27 15
23 28 16
23 29 16
23 30 14
23 31 13
23 32 10
23 33 14
23 34 16
23 35 16
23 36 13
23 37 13
23 38 11
23 39 11
23 40 20
23 41 10
23 42 14
23 43 14
23 44 15
23 45 18
23 46 19
23 47 14
23 48 7
23 49 9
23 50 15
23 51 12
23 52 16
23 53 16
23 54 11
23 55 16
23 56 13
23 57 14
23 58 12
23 59 15
23 60 13
23 61 14
23 62 15
23 63 12
23 64 13
23 65 9
23 66 9
23 67 14
23 68 21
23 69 15
23 70 15
23 71 8
23 72 15
23 73 16
23 74 9
23 75 14
23 76 11
23 77 17
23 78 14
23 79 16
23 80 14
23 81 16
23 82 17
23 83 13
23 84 15
23 85 13
23 86 20
23 87 13
23 88 12
23 89 10
23 90 19
23 91 12
23 92 14
23 93 15
23 94 10
23 95 16
23 96 11
23 97 14
23 98 15
23 99 13
24 25 11
24 26 15
24 27 16
24 28 14
24 29 11
24 30 17
24 31 14
24 32 13
24 33 13
24 34 14
24 35 12
24 36 13
24 37 11
24 38 13
24 39 13
24 40 13
24 41 16
24 42 24
24 43 15
24 44 18
24 45 13
24 46 18
24 47 16
24 48 16
24 49 15
24 50 16
24 51 17
24 52 16
24 53 18
24 54 13
24 55 11
24 56 17
24 57 16
24 58 18
24 59 13
24 60 8
24 61 15
24 62 15
24 63 13
24 64 17
24 65 14
24 66 13
24 67 14
24 68 10
24 69 15
24 70 15
24 71 12
24 72 21
24 73 16
24 74 17
24 75 21
24 76 11
24 77 15
24 78 12
24 79 14
24 80 14
24 81 11
24 82 14
24 83 20
24 84 12
24 85 11
24 86 18
24 87 16
24 88 17
24 89 15
24 90 14
24 91 14
24 92 12
24 93 13
24 94 13
24 95 15
24 96 11
24 97 15
24 98 15
24 99 8
25 26 11
25 27 15
25 28 13
25 29 8
25 30 20
25 31 18
25 32 16
25 33 13
25 34 14
25 35 15
25 36 14
25 37 16
25 38 19
25 39 9
25 40 12
25 41 10
25 42 16
25 43 18
25 44 14
25 45 16
25 46 15
25 47 18
25 48 17
25 49 17
25 50 18
25 51 14
25 52 16
25 53 20
25 54 14
25 55 16
25 56 13
25 57 18
25 58 18
25 59 17
25 60 13
25 61 16
25 62 18
25 63 16
25 64 9
25 65 17
25 66 16
25 67 12
25 68 16
25 69 12
25 70 17
25 71 15
25 72 12
25 73 12
25 74 17
25 75 16
25 76 13
25 77 22
25 78 17
25 79 14
25 80 15
25 81 15
25 82 11
25 83 12
25 84 16
25 85 12
25 86 17
25 87 13
25 88 18
25 89 19
25 90 12
25 91 16
25 92 18
25 93 9
25 94 12
25 95 20
25 96 16
25 97 13
25 98 17
25 99 14
26 27 15
26 28 15
26 29 20
26 30 10
26 31 14
26 32 9
26 33 16
26 34 11
26 35 13
26 36 17
26 37 13
26 38 10
26 39 10
26 40 19
26 41 16
26 42 13
26 43 7
26 44 19
26 45 16
26 46 16
26 47 15
26 48 19
26 49 20
26 50 16
26 51 13
26 52 17
26 53 17
26 54 16
26 55 13
26 56 12
26 57 15
26 58 13
26 59 18
26 60 15
26 61 15
26 62 14
26 63 11
26 64 13
26 65 10
26 66 21
26 67 20
26 68 15
26 69 16
26 70 13
26 71 16
26 72 13
26 73 15
26 74 13
26 75 17
26 76 16
26 77 19
26 78 16
26 79 20
26 80 17
26 81 18
26 82 15
26 83 14
26 84 18
26 85 12
26 86 18
26 87 11
26 88 19
26 89 17
26 90 15
26 91 14
26 92 19
26 93 19
26 94 13
26 95 13
26 96 18
26 97 12
26 98 8
26 99 13
27 28 13
27 29 19
27 30 18
27 31 21
27 32 12
27 33 14
27 34 17
27 35 12
27 36 14
27 37 15
27 38 10
27 39 13
27 40 19
27 41 16
27 42 13
27 43 13
27 44 17
27 45 13
27 46 14
27 47 13
27 48 13
27 49 12
27 50 16
27 51 15
27 52 13
27 53 16
27 54 15
27 55 15
27 56 16
27 57 15
27 58 14
27 59 21
27 60 18
27 61 15
27 62 17
27 63 8
27 64 15
27 65 14
27 66 13
27 67 13
27 68 17
27 69 16
27 70 16
27 71 11
27 72 14
27 73 16
27 74 12
27 75 19
27 76 11
27 77 17
27 78 15
27 79 14
27 80 19
27 81 15
27 82 14
27 83 14
27 84 13
27 85 12
27 86 13
27 87 15
27 88 15
27 89 14
27 90 18
27 91 18
27 92 14
27 93 14
27 94 15
27 95 15
27 96 15
27 97 18
27 98 14
27 99 22
28 29 13
28 30 7
28 31 13
28 32 10
28 33 10
28 34 14
28 35 12
28 36 16
28 37 11
28 38 9
28 39 14
28 40 14
28 41 11
28 42 17
28 43 14
28 44 20
28 45 10
28 46 12
28 47 7
28 48 10
28 49 15
28 50 15
28 51 16
28 52 19
28 53 11
28 54 10
28 55 14
28 56 16
28 57 9
28 58 15
28 59 24
28 60 21
28 61 16
28 62 12
28 63 18
28 64 14
28 65 16
28 66 11
28 67 15
28 68 15
28 69 15
28 70 21
28 71 14
28 72 13
28 73 12
28 74 12
28 75 11
28 76 13
28 77 18
28 78 17
28 79 13
28 80 16
28 81 12
28 82 15
28 83 10
28 84 15
28 85 14
28 86 18
28 87 14
28 88 16
28 89 21
28 90 15
28 91 9
28 92 16
28 93 14
28 94 18
28 95 25
28 96 14
28 97 15
28 98 16
28 99 15
29 30 12
29 31 18
29 32 21
29 33 12
29 34 16
29 35 12
29 36 14
29 37 14
29 38 11
29 39 19
29 40 11
29 41 15
29 42 12
29 43 10
29 44 17
29 45 17
29 46 12
29 47 16
29 48 14
29 49 12
29 50 9
29 51 18
29 52 18
29 53 13
29 54 16
29 55 18
29 56 21
29 57 17
29 58 15
29 59 19
29 60 17
29 61 10
29 62 11
29 63 14
29 64 16
29 65 16
29 66 15
29 67 17
29 68 14
29 69 12
29 70 10
29 71 18
29 72 12
29 73 18
29 74 12
29 75 19
29 76 17
29 77 12
29 78 16
29 79 13
29 80 10
29 81 18
29 82 15
29 83 15
29 84 8
29 85 14
29 86 18
29 87 15
29 88 8
29 89 16
29 90 18
29 91 20
29 92 17
29 93 11
29 94 15
29 95 13
29 96 15
29 97 17
29 98 13
29 99 14
30 31 12
30 32 11
30 33 14
30 34 13
30 35 15
30 36 13
30 37 12
30 38 15
30 39 15
30 40 9
30 41 18
30 42 15
30 43 18
30 44 11
30 45 22
30 46 14
30 47 13
30 48 13
30 49 14
30 50 16
30 51 14
30 52 17
30 53 10
30 54 13
30 55 12
30 56 15
30 57 15
30 58 17
30 59 20
30 60 11
30 61 20
30 62 14
30 63 12
30 64 18
30 65 17
30 66 17
30 67 16
30 68 18
30 69 14
30 70 14
30 71 18
30 72 12
30 73 15
30 74 11
30 75 14
30 76 18
30 77 12
30 78 14
30 79 15
30 80 11
30 81 12
30 82 18
30 83 5
30 84 11
30 85 13
30 86 12
30 87 12
30 88 11
30 89 13
30 90 19
30 91 13
30 92 14
30 93 15
30 94 9
30 95 16
30 96 16
30 97 18
30 98 15
30 99 13
31 32 22
31 33 15
31 34 14
31 35 16
31 36 22
31 37 19
31 38 17
31 39 15
31 40 12
31 41 17
31 42 14
31 43 13
31 44 13
31 45 13
31 46 15
31 47 18
31 48 10
31 49 16
31 50 16
31 51 14
31 52 16
31 53 10
31 54 14
31 55 13
31 56 11
31 57 17
31 58 13
31 59 16
31 60 16
31 61 17
31 62 12
31 63 17
31 64 10
31 65 15
31 66 22
31 67 11
31 68 12
31 69 12
31 70 19
31 71 15
31 72 12
31 73 13
31 74 18
31 75 15
31 76 16
31 77 13
31 78 14
31 79 17
31 80 14
31 81 15
31 82 17
31 83 16
31 84 13
31 85 11
31 86 11
31 87 15
31 88 13
31 89 20
31 90 12
31 91 15
31 92 20
31 93 14
31 94 15
31 95 17
31 96 13
31 97 11
31 98 13
31 99 11
32 33 15
32 34 15
32 35 15
32 36 13
32 37 15
32 38 18
32 39 13
32 40 13
32 41 13
32 42 14
32 43 15
32 44 15
32 45 14
32 46 12
32 47 18
32 48 14
32 49 10
32 50 16
32 51 19
32 52 18
32 53 10
32 54 17
32 55 7
32 56 15
32 57 19
32 58 14
32 59 16
32 60 15
32 61 17
32 62 14
32 63 16
32 64 13
32 65 14
32 66 12
32 67 15
32 68 17
32 69 16
32 70 13
32 71 13
32 72 11
32 73 11
32 74 16
32 75 18
32 76 17
32 77 16
32 78 18
32 79 18
32 80 20
32 81 14
32 82 14
32 83 14
32 84 12
32 85 13
32 86 15
32 87 14
32 88 11
32 89 13
32 90 14
32 91 12
32 92 18
32 93 14
32 94 17
32 95 19
32 96 17
32 97 15
32 98 13
32 99 16
33 34 14
33 35 14
33 36 11
33 37 13
33 38 14
33 39 14
33 40 18
33 41 12
33 42 15
33 43 19
33 44 11
33 45 16
33 46 13
33 47 17
33 48 16
33 49 15
33 50 12
33 51 12
33 52 15
33 53 16
33 54 16
33 55 18
33 56 14
33 57 15
33 58 15
33 59 10
33 60 16
33 61 12
33 62 20
33 63 12
33 64 19
33 65 14
33 66 19
33 67 13
33 68 15
33 69 14
33 70 13
33 71 13
33 72 12
33 73 19
33 74 15
33 75 18
33 76 13
33 77 18
33 78 16
33 79 19
33 80 16
33 81 10
33 82 16
33 83 18
33 84 18
33 85 17
33 86 18
33 87 20
33 88 22
33 89 15
33 90 16
33 91 11
33 92 8
33 93 11
33 94 14
33 95 17
33 96 7
33 97 13
33 98 15
33 99 20
34 35 12
34 36 15
34 37 11
34 38 11
34 39 16
34 40 19
34 41 15
34 42 15
34 43 17
34 44 11
34 45 14
34 46 19
34 47 15
34 48 18
34 49 13
34 50 14
34 51 17
34 52 17
34 53 13
34 54 11
34 55 16
34 56 13
34 57 20
34 58 16
34 59 11
34 60 16
34 61 14
34 62 16
34 63 11
34 64 12
34 65 14
34 66 18
34 67 12
34 68 12
34 69 20
34 70 12
34 71 7
34 72 12
34 73 15
34 74 12
34 75 15
34 76 11
34 77 17
34 78 16
34 79 14
34 80 14
34 81 13
34 82 17
34 83 11
34 84 10
34 85 18
34 86 20
34 87 15
34 88 16
34 89 14
34 90 15
34 91 10
34 92 17
34 93 13
34 94 10
34 95 15
34 96 11
34 97 17
34 98 14
34 99 14
35 36 19
35 37 10
35 38 12
35 39 14
35 40 15
35 41 18
35 42 12
35 43 17
35 44 11
35 45 10
35 46 13
35 47 10
35 48 13
35 49 11
35 50 17
35 51 15
35 52 16
35 53 12
35 54 18
35 55 16
35 56 14
35 57 15
35 58 18
35 59 13
35 60 17
35 61 9
35 62 13
35 63 17
35 64 13
35 65 13
35 66 15
35 67 10
35 68 14
35 69 16
35 70 20
35 71 15
35 72 16
35 73 15
35 74 17
35 75 15
35 76 14
35 77 12
35 78 19
35 79 18
35 80 12
35 81 15
35 82 14
35 83 13
35 84 12
35 85 14
35 86 14
35 87 14
35 88 21
35 89 15
35 90 9
35 91 11
35 92 14
35 93 14
35 94 20
35 95 11
35 96 13
35 97 11
35 98 11
35 99 12
36 37 23
36 38 13
36 39 17
36 40 13
36 41 17
36 42 13
36 43 15
36 44 13
36 45 16
36 46 16
36 47 19
36 48 16
36 49 11
36 50 19
36 51 16
36 52 15
36 53 9
36 54 14
36 55 16
36 56 17
36 57 18
36 58 19
36 59 13
36 60 13
36 61 18
36 62 15
36 63 10
36 64 10
36 65 21
36 66 13
36 67 15
36 68 18
36 69 10
36 70 16
36 71 12
36 72 16
36 73 17
36 74 16
36 75 16
36 76 13
36 77 16
36 78 17
36 79 11
36 80 13
36 81 20
36 82 14
36 83 10
36 84 18
36 85 15
36 86 18
36 87 16
36 88 12
36 89 15
36 90 16
36 91 14
36 92 15
36 93 14
36 94 14
36 95 18
36 96 15
36 97 17
36 98 14
36 99 13
37 38 10
37 39 17
37 40 23
37 41 11
37 42 14
37 43 17
37 44 16
37 45 14
37 46 14
37 47 17
37 48 11
37 49 14
37 50 20
37 51 15
37 52 15
37 53 14
37 54 15
37 55 15
37 56 14
37 57 11
37 58 18
37 59 11
37 60 13
37 61 12
37 62 19
37 63 15
37 64 9
37 65 18
37 66 9
37 67 14
37 68 12
37 69 14
37 70 14
37 71 14
37 72 13
37 73 12
37 74 14
37 75 16
37 76 14
37 77 17
37 78 16
37 79 14
37 80 11
37 81 13
37 82 20
37 83 9
37 84 20
37 85 16
37 86 14
37 87 13
37 88 16
37 89 12
37 90 17
37 91 12
37 92 15
37 93 15
37 94 12
37 95 17
37 96 11
37 97 14
37 98 11
37 99 14
38 39 17
38 40 12
38 41 17
38 42 8
38 43 16
38 44 17
38 45 17
38 46 15
38 47 19
38 48 17
38 49 14
38 50 18
38 51 9
38 52 16
38 53 14
38 54 13
38 55 17
38 56 13
38 57 11
38 58 9
38 59 19
38 60 10
38 61 17
38 62 13
38 63 13
38 64 19
38 65 13
38 66 14
38 67 10
38 68 13
38 69 17
38 70 15
38 71 12
38 72 19
38 73 19
38 74 16
38 75 15
38 76 19
38 77 16
38 78 13
38 79 14
38 80 13
38 81 12
38 82 19
38 83 16
38 84 19
38 85 15
38 86 17
38 87 18
38 88 18
38 89 18
38 90 21
38 91 14
38 92 14
38 93 14
38 94 10
38 95 16
38 96 22
38 97 14
38 98 17
38 99 16
39 40 12
39 41 20
39 42 17
39 43 12
39 44 12
39 45 10
39 46 19
39 47 13
39 48 10
39 49 15
39 50 18
39 51 12
39 52 17
39 53 10
39 54 18
39 55 15
39 56 14
39 57 21
39 58 15
39 59 14
39 60 14
39 61 9
39 62 14
39 63 18
39 64 18
39 65 18
39 66 12
39 67 17
39 68 16
39 69 14
39 70 24
39 71 11
39 72 14
39 73 16
39 74 18
39 75 13
39 76 17
39 77 15
39 78 12
39 79 15
39 80 13
39 81 20
39 82 9
39 83 17
39 84 19
39 85 14
39 86 11
39 87 14
39 88 18
39 89 18
39 90 17
39 91 7
39 92 14
39 93 13
39 94 14
39 95 12
39 96 18
39 97 9
39 98 16
39 99 12
40 41 15
40 42 16
40 43 11
40 44 15
40 45 13
40 46 16
40 47 14
40 48 15
40 49 9
40 50 14
40 51 16
40 52 11
40 53 10
40 54 9
40 55 16
40 56 13
40 57 14
40 58 16
40 59 12
40 60 13
40 61 14
40 62 16
40 63 19
40 64 11
40 65 18
40 66 13
40 67 15
40 68 14
40 69 14
40 70 9
40 71 12
40 72 14
40 73 17
40 74 14
40 75 21
40 76 14
40 77 13
40 78 7
40 79 12
40 80 20
40 81 16
40 82 13
40 83 15
40 84 15
40 85 20
40 86 14
40 87 14
40 88 12
40 89 18
40 90 13
40 91 17
40 92 15
40 93 13
40 94 16
40 95 11
40 96 15
40 97 19
40 98 17
40 99 9
41 42 14
41 43 17
41 44 11
41 45 18
41 46 15
41 47 14
41 48 15
41 49 16
41 50 22
41 51 12
41 52 15
41 53 16
41 54 19
41 55 11
41 56 23
41 57 15
41 58 11
41 59 16
41 60 17
41 61 16
41 62 12
41 63 12
41 64 18
41 65 16
41 66 13
41 67 18
41 68 13
41 69 14
41 70 12
41 71 17
41 72 10
41 73 16
41 74 12
41 75 13
41 76 17
41 77 16
41 78 16
41 79 11
41 80 18
41 81 7
41 82 13
41 83 16
41 84 14
41 85 18
41 86 17
41 87 15
41 88 22
41 89 17
41 90 15
41 91 19
41 92 11
41 93 16
41 94 13
41 95 19
41 96 10
41 97 6
41 98 16
41 99 14
42 43 19
42 44 14
42 45 21
42 46 18
42 47 21
42 48 14
42 49 13
42 50 20
42 51 17
42 52 13
42 53 18
42 54 15
42 55 14
42 56 15
42 57 18
42 58 13
42 59 13
42 60 17
42 61 15
42 62 15
42 63 16
42 64 16
42 65 14
42 66 17
42 67 15
42 68 15
42 69 22
42 70 10
42 71 12
42 72 12
42 73 18
42 74 15
42 75 15
42 76 12
42 77 14
42 78 15
42 79 8
42 80 13
42 81 10
42 82 16
42 83 19
42 84 18
42 85 14
42 86 14
42 87 14
42 88 18
42 89 15
42 90 14
42 91 19
42 92 17
42 93 17
42 94 15
42 95 16
42 96 10
42 97 12
42 98 16
42 99 15
43 44 14
43 45 17
43 46 10
43 47 11
43 48 13
43 49 15
43 50 18
43 51 17
43 52 19
43 53 11
43 54 14
43 55 13
43 56 10
43 57 12
43 58 13
43 59 16
43 60 19
43 61 9
43 62 17
43 63 15
43 64 12
43 65 15
43 66 14
43 67 21
43 68 15
43 69 18
43 70 17
43 71 15
43 72 14
43 73 14
43 74 12
43 75 20
43 76 12
43 77 12
43 78 15
43 79 13
43 80 19
43 81 18
43 82 17
43 83 18
43 84 19
43 85 15
43 86 17
43 87 15
43 88 15
43 89 16
43 90 13
43 91 20
43 92 17
43 93 12
43 94 17
43 95 15
43 96 16
43 97 8
43 98 15
43 99 18
44 45 15
44 46 15
44 47 10
44 48 11
44 49 16
44 50 12
44 51 13
44 52 13
44 53 12
44 54 13
44 55 18
44 56 20
44 57 13
44 58 19
44 59 13
44 60 11
44 61 15
44 62 20
44 63 15
44 64 11
44 65 19
44 66 21
44 67 12
44 68 19
44 69 15
44 70 10
44 71 17
44 72 15
44 73 15
44 74 16
44 75 13
44 76 16
44 77 14
44 78 10
44 79 13
44 80 13
44 81 8
44 82 21
44 83 16
44 84 17
44 85 15
44 86 10
44 87 15
44 88 10
44 89 15
44 90 17
44 91 12
44 92 10
44 93 12
44 94 17
44 95 17
44 96 17
44 97 13
44 98 16
44 99 19
45 46 15
45 47 16
45 48 13
45 49 16
45 50 11
45 51 16
45 52 11
45 53 12
45 54 12
45 55 9
45 56 16
45 57 19
45 58 15
45 59 14
45 60 13
45 61 18
45 62 10
45 63 17
45 64 11
45 65 17
45 66 13
45 67 10
45 68 12
45 69 12
45 70 16
45 71 12
45 72 10
45 73 12
45 74 14
45 75 15
45 76 15
45 77 12
45 78 15
45 79 14
45 80 12
45 81 12
45 82 19
45 83 14
45 84 11
45 85 13
45 86 16
45 87 19
45 88 14
45 89 15
45 90 19
45 91 12
45 92 13
45 93 13
45 94 18
45 95 15
45 96 15
45 97 13
45 98 18
45 99 7
46 47 16
46 48 10
46 49 15
46 50 17
46 51 12
46 52 19
46 53 15
46 54 16
46 55 18
46 56 10
46 57 16
46 58 15
46 59 13
46 60 18
46 61 10
46 62 15
46 63 11
46 64 16
46 65 16
46 66 14
46 67 17
46 68 18
46 69 14
46 70 16
46 71 13
46 72 19
46 73 13
46 74 17
46 75 13
46 76 11
46 77 16
46 78 10
46 79 18
46 80 12
46 81 14
46 82 13
46 83 13
46 84 14
46 85 13
46 86 13
46 87 14
46 88 10
46 89 14
46 90 12
46 91 11
46 92 15
46 93 14
46 94 16
46 95 11
46 96 19
46 97 16
46 98 20
46 99 16
47 48 12
47 49 11
47 50 17
47 51 20
47 52 12
47 53 17
47 54 10
47 55 15
47 56 19
47 57 17
47 58 10
47 59 12
47 60 17
47 61 21
47 62 15
47 63 11
47 64 15
47 65 11
47 66 8
47 67 11
47 68 15
47 69 9
47 70 14
47 71 23
47 72 17
47 73 16
47 74 18
47 75 13
47 76 17
47 77 10
47 78 14
47 79 16
47 80 16
47 81 15
47 82 12
47 83 21
47 84 18
47 85 15
47 86 12
47 87 16
47 88 18
47 89 9
47 90 13
47 91 13
47 92 18
47 93 19
47 94 13
47 95 19
47 96 16
47 97 18
47 98 10
47 99 16
48 49 16
48 50 17
48 51 13
48 52 17
48 53 13
48 54 15
48 55 17
48 56 19
48 57 12
48 58 16
48 59 19
48 60 16
48 61 12
48 62 17
48 63 19
48 64 13
48 65 17
48 66 14
48 67 11
48 68 17
48 69 15
48 70 15
48 71 15
48 72 18
48 73 18
48 74 10
48 75 10
48 76 12
48 77 14
48 78 12
48 79 12
48 80 14
48 81 20
48 82 20
48 83 14
48 84 10
48 85 19
48 86 18
48 87 19
48 88 13
48 89 19
48 90 11
48 91 18
48 92 8
48 93 15
48 94 15
48 95 16
48 96 10
48 97 17
48 98 18
48 99 16
49 50 14
49 51 13
49 52 11
49 53 17
49 54 13
49 55 16
49 56 7
49 57 11
49 58 12
49 59 13
49 60 19
49 61 17
49 62 11
49 63 12
49 64 18
49 65 18
49 66 14
49 67 11
49 68 13
49 69 15
49 70 18
49 71 12
49 72 19
49 73 16
49 74 13
49 75 14
49 76 8
49 77 13
49 78 14
49 79 12
49 80 17
49 81 17
49 82 8
49 83 10
49 84 16
49 85 9
49 86 16
49 87 16
49 88 17
49 89 15
49 90 13
49 91 13
49 92 11
49 93 13
49 94 11
49 95 12
49 96 19
49 97 16
49 98 12
49 99 13
50 51 12
50 52 14
50 53 9
50 54 16
50 55 17
50 56 19
50 57 14
50 58 13
50 59 8
50 60 13
50 61 20
50 62 10
50 63 15
50 64 14
50 65 17
50 66 16
50 67 17
50 68 13
50 69 12
50 70 14
50 71 8
50 72 14
50 73 14
50 74 16
50 75 20
50 76 16
50 77 13
50 78 16
50 79 14
50 80 11
50 81 19
50 82 17
50 83 9
50 84 17
50 85 22
50 86 13
50 87 13
50 88 10
50 89 12
50 90 15
50 91 13
50 92 16
50 93 13
50 94 16
50 95 15
50 96 14
50 97 12
50 98 16
50 99 12
51 52 13
51 53 19
51 54 19
51 55 19
51 56 17
51 57 19
51 58 9
51 59 20
51 60 14
51 61 16
51 62 13
51 63 19
51 64 15
51 65 13
51 66 13
51 67 17
51 68 12
51 69 17
51 70 15
51 71 13
51 72 17
51 73 21
51 74 8
51 75 16
51 76 16
51 77 9
51 78 16
51 79 7
51 80 13
51 81 9
51 82 18
51 83 18
51 84 11
51 85 18
51 86 15
51 87 10
51 88 15
51 89 13
51 90 13
51 91 14
51 92 14
51 93 18
51 94 10
51 95 15
51 96 15
51 97 11
51 98 15
51 99 14
52 53 13
52 54 15
52 55 17
52 56 11
52 57 16
52 58 15
52 59 15
52 60 11
52 61 17
52 62 11
52 63 16
52 64 5
52 65 13
52 66 15
52 67 17
52 68 15
52 69 11
52 70 12
52 71 15
52 72 11
52 73 14
52 74 17
52 75 17
52 76 15
52 77 19
52 78 14
52 79 10
52 80 12
52 81 12
52 82 8
52 83 9
52 84 10
52 85 12
52 86 15
52 87 13
52 88 21
52 89 15
52 90 17
52 91 15
52 92 14
52 93 12
52 94 15
52 95 17
52 96 19
52 97 19
52 98 14
52 99 14
53 54 11
53 55 18
53 56 18
53 57 16
53 58 18
53 59 13
53 60 13
53 61 14
53 62 16
53 63 17
53 64 18
53 65 11
53 66 12
53 67 13
53 68 16
53 69 16
53 70 11
53 71 13
53 72 16
53 73 19
53 74 13
53 75 13
53 76 22
53 77 12
53 78 22
53 79 12
53 80 16
53 81 13
53 82 16
53 83 19
53 84 13
53 85 14
53 86 13
53 87 13
53 88 16
53 89 16
53 90 10
53 91 16
53 92 18
53 93 14
53 94 17
53 95 16
53 96 14
53 97 17
53 98 16
53 99 14
54 55 13
54 56 15
54 57 16
54 58 14
54 59 13
54 60 19
54 61 15
54 62 13
54 63 17
54 64 15
54 65 14
54 66 11
54 67 13
54 68 14
54 69 19
54 70 14
54 71 16
54 72 18
54 73 14
54 74 11
54 75 15
54 76 10
54 77 10
54 78 13
54 79 12
54 80 12
54 81 14
54 82 19
54 83 13
54 84 11
54 85 19
54 86 17
54 87 17
54 88 10
54 89 18
54 90 14
54 91 13
54 92 18
54 93 14
54 94 16
54 95 10
54 96 20
54 97 17
54 98 15
54 99 16
55 56 18
55 57 14
55 58 13
55 59 16
55 60 13
55 61 11
55 62 14
55 63 10
55 64 19
55 65 20
55 66 19
55 67 17
55 68 16
55 69 18
55 70 14
55 71 13
55 72 14
55 73 12
55 74 9
55 75 12
55 76 18
55 77 12
55 78 17
55 79 14
55 80 16
55 81 12
55 82 18
55 83 14
55 84 15
55 85 14
55 86 20
55 87 15
55 88 12
55 89 9
55 90 10
55 91 15
55 92 14
55 93 14
55 94 15
55 95 14
55 96 12
55 97 18
55 98 17
55 99 11
56 57 16
56 58 11
56 59 16
56 60 12
56 61 14
56 62 15
56 63 14
56 64 20
56 65 17
56 66 15
56 67 14
56 68 16
56 69 11
56 70 13
56 71 12
56 72 23
56 73 13
56 74 12
56 75 11
56 76 11
56 77 11
56 78 16
56 79 11
56 80 15
56 81 12
56 82 13
56 83 14
56 84 16
56 85 14
56 86 14
56 87 13
56 88 13
56 89 16
56 90 20
56 91 18
56 92 20
56 93 15
56 94 9
56 95 15
56 96 9
56 97 12
56 98 17
56 99 13
57 58 5
57 59 13
57 60 22
57 61 10
57 62 10
57 63 13
57 64 18
57 65 13
57 66 13
57 67 14
57 68 14
57 69 11
57 70 19
57 71 14
57 72 11
57 73 10
57 74 14
57 75 20
57 76 15
57 77 16
57 78 13
57 79 15
57 80 14
57 81 15
57 82 10
57 83 13
57 84 13
57 85 14
57 86 17
57 87 14
57 88 12
57 89 16
57 90 9
57 91 14
57 92 16
57 93 18
57 94 18
57 95 13
57 96 16
57 97 9
57 98 21
57 99 9
58 59 14
58 60 13
58 61 12
58 62 10
58 63 18
58 64 13
58 65 17
58 66 19
58 67 15
58 68 20
58 69 17
58 70 12
58 71 14
58 72 17
58 73 13
58 74 12
58 75 9
58 76 16
58 77 18
58 78 14
58 79 13
58 80 16
58 81 17
58 82 17
58 83 12
58 84 19
58 85 8
58 86 17
58 87 15
58 88 15
58 89 13
58 90 17
58 91 21
58 92 14
58 93 14
58 94 16
58 95 13
58 96 19
58 97 17
58 98 16
58 99 13
59 60 19
59 61 15
59 62 16
59 63 11
59 64 16
59 65 9
59 66 17
59 67 16
59 68 11
59 69 13
59 70 19
59 71 15
59 72 15
59 73 10
59 74 13
59 75 11
59 76 13
59 77 13
59 78 8
59 79 13
59 80 15
59 81 16
59 82 13
59 83 16
59 84 12
59 85 8
59 86 13
59 87 14
59 88 12
59 89 12
59 90 12
59 91 18
59 92 15
59 93 19
59 94 13
59 95 16
59 96 17
59 97 17
59 98 13
59 99 9
60 61 18
60 62 10
60 63 18
60 64 13
60 65 11
60 66 14
60 67 18
60 68 13
60 69 12
60 70 12
60 71 16
60 72 17
60 73 13
60 74 18
60 75 15
60 76 12
60 77 12
60 78 11
60 79 21
60 80 13
60 81 18
60 82 13
60 83 19
60 84 20
60 85 16
60 86 15
60 87 11
60 88 13
60 89 14
60 90 13
60 91 13
60 92 20
60 93 20
60 94 12
60 95 13
60 96 16
60 97 13
60 98 10
60 99 14
61 62 12
61 63 21
61 64 14
61 65 15
61 66 16
61 67 17
61 68 14
61 69 9
61 70 12
61 71 14
61 72 9
61 73 17
61 74 12
61 75 16
61 76 16
61 77 17
61 78 14
61 79 14
61 80 14
61 81 18
61 82 17
61 83 17
61 84 15
61 85 16
61 86 9
61 87 10
61 88 13
61 89 15
61 90 8
61 91 13
61 92 14
61 93 14
61 94 10
61 95 15
61 96 17
61 97 17
61 98 17
61 99 19
62 63 9
62 64 20
62 65 18
62 66 19
62 67 17
62 68 18
62 69 16
62 70 14
62 71 15
62 72 17
62 73 8
62 74 17
62 75 9
62 76 14
62 77 12
62 78 14
62 79 13
62 80 14
62 81 18
62 82 19
62 83 15
62 84 15
62 85 15
62 86 9
62 87 14
62 88 20
62 89 18
62 90 19
62 91 14
62 92 14
62 93 14
62 94 20
62 95 15
62 96 17
62 97 13
62 98 16
62 99 20
63 64 16
63 65 13
63 66 16
63 67 12
63 68 9
63 69 17
63 70 15
63 71 15
63 72 13
63 73 16
63 74 21
63 75 14
63 76 13
63 77 14
63 78 5
63 79 14
63 80 16
63 81 14
63 82 17
63 83 20
63 84 16
63 85 17
63 86 12
63 87 12
63 88 12
63 89 13
63 90 12
63 91 13
63 92 18
63 93 16
63 94 15
63 95 18
63 96 14
63 97 15
63 98 10
63 99 17
64 65 9
64 66 19
64 67 13
64 68 16
64 69 10
64 70 19
64 71 10
64 72 10
64 73 14
64 74 12
64 75 18
64 76 18
64 77 15
64 78 12
64 79 16
64 80 14
64 81 17
64 82 15
64 83 16
64 84 13
64 85 15
64 86 10
64 87 20
64 88 18
64 89 22
64 90 14
64 91 10
64 92 12
64 93 19
64 94 17
64 95 15
64 96 20
64 97 15
64 98 18
64 99 16
65 66 15
65 67 16
65 68 17
65 69 16
65 70 7
65 71 15
65 72 19
65 73 17
65 74 13
65 75 15
65 76 15
65 77 12
65 78 12
65 79 19
65 80 13
65 81 16
65 82 20
65 83 11
65 84 12
65 85 19
65 86 12
65 87 14
65 88 10
65 89 21
65 90 13
65 91 20
65 92 12
65 93 14
65 94 12
65 95 16
65 96 10
65 97 18
65 98 10
65 99 13
66 67 16
66 68 17
66 69 16
66 70 18
66 71 13
66 72 16
66 73 14
66 74 15
66 75 15
66 76 16
66 77 8
66 78 15
66 79 11
66 80 18
66 81 18
66 82 11
66 83 17
66 84 14
66 85 16
66 86 19
66 87 13
66 88 17
66 89 12
66 90 14
66 91 13
66 92 12
66 93 19
66 94 12
66 95 14
66 96 12
66 97 18
66 98 11
66 99 18
67 68 13
67 69 17
67 70 17
67 71 19
67 72 19
67 73 15
67 74 11
67 75 19
67 76 19
67 77 16
67 78 18
67 79 14
67 80 15
67 81 22
67 82 19
67 83 13
67 84 14
67 85 17
67 86 11
67 87 11
67 88 11
67 89 18
67 90 17
67 91 11
67 92 10
67 93 14
67 94 16
67 95 18
67 96 19
67 97 19
67 98 12
67 99 18
68 69 15
68 70 21
68 71 17
68 72 16
68 73 17
68 74 14
68 75 12
68 76 13
68 77 9
68 78 14
68 79 13
68 80 17
68 81 11
68 82 14
68 83 17
68 84 18
68 85 13
68 86 12
68 87 11
68 88 12
68 89 15
68 90 16
68 91 14
68 92 12
68 93 21
68 94 15
68 95 15
68 96 17
68 97 17
68 98 11
68 99 17
69 70 13
69 71 8
69 72 12
69 73 17
69 74 13
69 75 15
69 76 12
69 77 16
69 78 15
69 79 13
69 80 11
69 81 15
69 82 20
69 83 14
69 84 18
69 85 12
69 86 16
69 87 11
69 88 17
69 89 13
69 90 12
69 91 21
69 92 14
69 93 13
69 94 11
69 95 13
69 96 23
69 97 15
69 98 17
69 99 11
70 71 14
70 72 13
70 73 18
70 74 15
70 75 19
70 76 14
70 77 13
70 78 17
70 79 14
70 80 16
70 81 13
70 82 14
70 83 14
70 84 24
70 85 12
70 86 19
70 87 14
70 88 17
70 89 17
70 90 17
70 91 11
70 92 13
70 93 17
70 94 16
70 95 15
70 96 19
70 97 10
70 98 12
70 99 11
71 72 18
71 73 16
71 74 17
71 75 12
71 76 14
71 77 10
71 78 15
71 79 15
71 80 15
71 81 14
71 82 18
71 83 13
71 84 17
71 85 12
71 86 8
71 87 11
71 88 12
71 89 15
71 90 15
71 91 16
71 92 18
71 93 18
71 94 16
71 95 19
71 96 19
71 97 13
71 98 15
71 99 14
72 73 16
72 74 17
72 75 16
72 76 15
72 77 9
72 78 16
72 79 16
72 80 9
72 81 16
72 82 16
72 83 16
72 84 13
72 85 13
72 86 20
72 87 10
72 88 15
72 89 19
72 90 10
72 91 14
72 92 12
72 93 15
72 94 16
72 95 12
72 96 14
72 97 14
72 98 15
72 99 18
73 74 13
73 75 11
73 76 16
73 77 14
73 78 17
73 79 14
73 80 14
73 81 19
73 82 14
73 83 16
73 84 12
73 85 14
73 86 18
73 87 12
73 88 10
73 89 19
73 90 19
73 91 16
73 92 14
73 93 12
73 94 7
73 95 11
73 96 13
73 97 17
73 98 18
73 99 13
74 75 17
74 76 15
74 77 17
74 78 17
74 79 12
74 80 15
74 81 17
74 82 17
74 83 18
74 84 12
74 85 17
74 86 17
74 87 12
74 88 17
74 89 15
74 90 15
74 91 14
74 92 16
74 93 14
74 94 14
74 95 16
74 96 20
74 97 12
74 98 17
74 99 13
75 76 15
75 77 9
75 78 16
75 79 15
75 80 12
75 81 15
75 82 13
75 83 15
75 84 20
75 85 13
75 86 12
75 87 19
75 88 15
75 89 9
75 90 10
75 91 14
75 92 14
75 93 17
75 94 9
75 95 15
75 96 15
75 97 14
75 98 16
75 99 20
76 77 15
76 78 10
76 79 16
76 80 19
76 81 10
76 82 10
76 83 9
76 84 10
76 85 12
76 86 11
76 87 15
76 88 12
76 89 17
76 90 8
76 91 14
76 92 13
76 93 14
76 94 13
76 95 19
76 96 13
76 97 10
76 98 18
76 99 20
77 78 15
77 79 11
77 80 17
77 81 13
77 82 19
77 83 15
77 84 16
77 85 13
77 86 12
77 87 11
77 88 19
77 89 18
77 90 16
77 91 14
77 92 12
77 93 20
77 94 17
77 95 18
77 96 16
77 97 17
77 98 9
77 99 15
78 79 18
78 80 17
78 81 17
78 82 20
78 83 22
78 84 9
78 85 16
78 86 18
78 87 12
78 88 17
78 89 15
78 90 18
78 91 15
78 92 13
78 93 13
78 94 12
78 95 13
78 96 13
78 97 21
78 98 11
78 99 10
79 80 8
79 81 14
79 82 15
79 83 17
79 84 16
79 85 16
79 86 17
79 87 13
79 88 15
79 89 13
79 90 16
79 91 10
79 92 15
79 93 10
79 94 16
79 95 8
79 96 17
79 97 11
79 98 15
79 99 13
80 81 15
80 82 16
80 83 19
80 84 16
80 85 19
80 86 14
80 87 15
80 88 12
80 89 15
80 90 18
80 91 13
80 92 19
80 93 14
80 94 18
80 95 10
80 96 17
80 97 19
80 98 15
80 99 17
81 82 15
81 83 9
81 84 16
81 85 14
81 86 17
81 87 14
81 88 16
81 89 14
81 90 19
81 91 14
81 92 9
81 93 15
81 94 16
81 95 15
81 96 11
81 97 11
81 98 14
81 99 19
82 83 13
82 84 15
82 85 16
82 86 13
82 87 16
82 88 14
82 89 17
82 90 19
82 91 9
82 92 14
82 93 11
82 94 17
82 95 20
82 96 11
82 97 21
82 98 19
82 99 16
83 84 15
83 85 17
83 86 12
83 87 13
83 88 17
83 89 18
83 90 14
83 91 17
83 92 14
83 93 17
83 94 19
83 95 17
83 96 10
83 97 15
83 98 18
83 99 17
84 85 16
84 86 18
84 87 9
84 88 13
84 89 14
84 90 12
84 91 9
84 92 14
84 93 15
84 94 15
84 95 13
84 96 9
84 97 16
84 98 13
84 99 16
85 86 11
85 87 15
85 88 19
85 89 13
85 90 18
85 91 15
85 92 15
85 93 17
85 94 12
85 95 14
85 96 15
85 97 14
85 98 14
85 99 17
86 87 14
86 88 16
86 89 13
86 90 14
86 91 9
86 92 16
86 93 12
86 94 15
86 95 18
86 96 15
86 97 14
86 98 13
86 99 14
87 88 12
87 89 11
87 90 11
87 91 15
87 92 18
87 93 15
87 94 11
87 95 16
87 96 12
87 97 20
87 98 18
87 99 13
88 89 11
88 90 9
88 91 15
88 92 11
88 93 14
88 94 12
88 95 12
88 96 17
88 97 18
88 98 16
88 99 9
89 90 16
89 91 13
89 92 13
89 93 16
89 94 12
89 95 13
89 96 19
89 97 13
89 98 13
89 99 19
90 91 14
90 92 13
90 93 14
90 94 20
90 95 16
90 96 14
90 97 15
90 98 14
90 99 12
91 92 14
91 93 20
91 94 18
91 95 18
91 96 11
91 97 14
91 98 13
91 99 20
92 93 11
92 94 13
92 95 16
92 96 16
92 97 14
92 98 17
92 99 12
93 94 14
93 95 22
93 96 19
93 97 12
93 98 19
93 99 19
94 95 11
94 96 15
94 97 11
94 98 16
94 99 16
95 96 18
95 97 11
95 98 16
95 99 22
96 97 16
96 98 9
96 99 16
97 98 19
97 99 20
98 99 11
