540
0 0 0 0
1 60 300 360
2 16 435 449
3 20 181 198
4 19 444 476
5 20 265 280
6 19 403 432
7 16 258 296
8 11 385 429
9 13 368 383
10 14 362 372
11 17 119 164
12 11 427 453
13 16 374 386
14 13 263 286
15 15 190 234
16 10 65 112
17 16 175 212
18 20 54 101
19 19 439 476
20 14 25 70
21 11 426 440
22 12 106 147
23 12 464 484
24 13 440 469
25 18 427 441
26 10 387 401
27 13 108 141
28 10 381 417
29 17 370 409
30 18 236 255
31 13 467 479
32 20 449 471
33 18 373 384
34 10 160 197
35 13 458 492
36 14 212 229
37 10 407 428
38 19 428 440
39 13 457 498
40 17 446 481
41 17 151 173
42 17 477 520
43 19 437 465
44 11 382 419
45 10 191 231
46 20 454 490
47 15 443 456
48 14 159 202
49 20 457 485
50 16 198 248
51 16 21 46
52 15 360 409
53 18 149 171
54 18 458 498
55 10 405 434
56 18 110 140
57 11 367 382
58 11 181 215
59 13 209 244
60 19 435 448
61 17 260 271
62 12 246 286
63 17 390 437
64 14 272 312
65 19 445 471
66 17 159 185
67 16 112 141
68 17 271 282
69 20 468 508
70 11 272 289
71 17 430 447
72 19 255 293
73 20 372 419
74 12 461 511
75 10 408 428
76 17 1 47
77 13 477 521
78 15 191 224
79 14 239 286
80 14 464 489
81 12 197 216
82 18 130 165
83 11 456 497
84 13 113 157
85 20 416 456
86 11 397 413
87 13 39 85
88 13 413 461
89 19 448 490
90 15 245 261
91 16 243 283
92 15 420 457
93 10 464 497
94 14 34 45
95 19 166 192
96 17 456 467
97 19 147 159
98 17 239 274
99 11 440 483
