540
0 0 0 0
1 60 300 360
2 17 137 212
3 16 485 523
4 12 149 238
5 19 483 538
6 19 411 469
7 17 367 451
8 19 227 306
9 19 376 432
10 16 494 553
11 14 118 190
12 15 401 450
13 19 128 164
14 11 153 239
15 19 27 106
16 19 19 70
17 16 135 218
18 17 220 305
19 19 374 440
20 11 163 202
21 14 397 463
22 18 255 344
23 18 149 224
24 17 201 281
25 11 120 200
26 18 482 547
27 18 473 524
28 13 370 449
29 12 18 97
30 17 462 549
31 11 93 130
32 15 203 292
33 10 65 127
34 16 375 426
35 16 492 549
36 17 406 478
37 19 204 234
38 19 460 527
39 16 100 188
40 10 375 411
41 17 260 322
42 13 454 494
43 19 440 485
44 10 406 453
45 16 402 437
46 10 43 93
47 20 141 218
48 13 241 327
49 13 29 68
50 19 118 195
51 15 381 464
52 11 183 242
53 17 20 73
54 10 205 247
55 19 147 207
56 20 138 169
57 19 206 272
58 10 452 520
59 13 165 220
60 20 39 120
61 10 404 444
62 18 78 127
63 17 159 217
64 15 158 202
65 18 104 191
66 16 453 541
67 12 468 517
68 16 421 471
69 20 184 245
70 11 492 579
71 10 500 568
72 11 455 531
73 15 491 572
74 13 130 210
75 16 360 409
76 17 384 419
77 14 468 527
78 11 257 328
79 20 17 75
80 12 24 85
81 19 143 202
82 17 428 497
83 14 29 92
84 13 113 150
85 16 72 128
86 19 489 562
87 14 28 88
88 15 249 298
89 20 404 437
90 16 100 144
91 13 486 554
92 12 482 544
93 17 85 151
94 10 413 457
95 20 490 529
96 12 250 303
97 18 42 112
98 13 179 209
99 11 230 282
100 14 206 244
101 12 404 482
102 14 180 259
103 20 363 438
104 12 68 140
105 12 91 171
106 16 150 200
107 15 394 479
108 15 58 118
109 17 169 221
110 18 373 426
111 14 417 505
112 10 479 563
113 10 371 423
114 18 151 215
115 19 130 189
116 14 67 153
117 14 62 95
118 17 387 475
119 18 428 510
120 11 62 139
121 14 405 476
122 16 66 125
123 15 138 203
124 19 145 224
125 15 470 531
126 16 26 102
127 19 384 445
128 11 92 130
129 12 479 533
130 19 80 133
131 14 410 489
132 16 88 133
133 12 188 259
134 18 445 510
135 12 394 473
136 17 384 427
137 19 35 99
138 15 135 174
139 11 466 555
140 15 45 77
141 10 223 275
142 18 452 487
143 13 434 498
144 15 107 158
145 15 86 123
146 19 393 453
147 14 137 188
148 15 207 263
149 17 416 503
150 10 374 443
151 16 400 451
152 11 464 550
153 17 110 188
154 10 408 482
155 12 464 528
156 12 486 572
157 11 433 489
158 18 40 78
159 17 130 211
160 15 363 396
161 16 458 542
162 13 224 255
163 14 177 243
164 13 491 544
165 16 378 463
166 14 395 437
167 17 16 95
168 11 151 230
169 19 375 459
170 18 13 46
171 16 475 548
172 20 196 234
173 12 386 469
174 15 483 560
175 16 489 541
176 12 419 453
177 16 401 453
178 11 370 447
179 13 378 418
180 16 364 415
181 20 414 494
182 18 360 430
183 16 48 84
184 18 481 552
185 15 412 482
186 13 27 93
187 12 125 171
188 20 17 87
189 12 147 220
190 17 415 452
191 13 462 495
192 11 71 146
193 11 24 89
194 15 434 491
195 19 477 564
196 12 379 410
197 11 379 456
198 18 484 531
199 16 413 486
200 11 421 481
201 12 449 489
202 13 383 459
203 17 444 525
204 14 477 523
205 10 473 524
206 18 493 567
207 19 161 249
208 14 210 248
209 16 11 70
210 18 378 409
211 18 158 208
212 19 203 252
213 15 74 163
214 18 70 123
215 16 75 129
216 15 403 434
217 12 49 128
218 10 151 222
219 10 65 144
220 20 198 233
221 11 229 301
222 11 137 188
223 17 449 531
224 18 417 507
225 14 241 303
226 12 363 445
227 17 455 534
228 11 259 316
229 20 72 127
230 12 214 280
231 19 445 493
232 20 366 428
233 18 427 469
234 18 218 284
235 18 25 99
236 20 70 120
237 18 245 279
238 14 136 226
239 20 456 520
240 17 481 566
241 10 427 491
242 14 162 194
243 10 117 147
244 17 456 528
245 17 84 168
246 18 484 515
247 16 69 113
248 14 113 151
249 16 462 531
250 20 207 296
251 14 113 146
252 14 114 175
253 19 195 270
254 16 150 180
255 20 232 283
256 16 420 502
257 10 39 95
258 10 190 227
259 15 413 501
260 16 152 184
261 15 182 232
262 15 384 414
263 16 19 64
264 11 470 513
265 20 115 145
266 16 413 481
267 12 405 487
268 20 443 514
269 12 20 67
270 12 253 335
271 17 374 415
272 18 93 183
273 13 472 538
274 20 432 462
275 17 210 282
276 19 210 295
277 19 179 256
278 20 499 534
279 20 499 542
280 12 448 498
281 18 476 548
282 14 77 148
283 17 379 437
284 12 80 122
285 14 40 97
286 18 381 463
287 11 67 138
288 15 451 502
289 11 456 534
290 14 60 150
291 16 238 316
292 14 408 441
293 20 22 79
294 17 11 85
295 11 469 557
296 14 430 493
297 11 247 306
298 15 238 287
299 19 480 523
300 17 102 166
301 15 394 476
302 13 483 566
303 16 416 488
304 11 97 180
305 11 38 100
306 20 61 99
307 15 425 469
308 19 365 420
309 14 15 67
310 11 404 448
311 17 439 513
312 20 99 170
313 20 25 96
314 12 388 439
315 13 243 302
316 19 386 446
317 19 486 517
318 16 149 205
319 17 18 60
320 10 461 504
321 13 370 440
322 10 461 525
323 20 12 100
324 16 80 128
325 13 456 498
326 12 73 150
327 18 374 449
328 11 259 316
329 12 41 76
330 15 399 488
331 16 455 536
332 11 226 275
333 13 0 54
334 13 395 453
335 18 374 415
336 15 425 498
337 19 47 135
338 18 490 539
339 11 249 286
340 17 138 208
341 13 442 519
342 15 129 195
343 14 401 490
344 13 448 519
345 13 175 257
346 10 459 507
347 12 43 122
348 18 483 538
349 12 157 239
350 10 427 474
351 14 204 272
352 18 367 444
353 12 405 450
354 18 193 263
355 18 152 233
356 11 7 61
357 13 30 90
358 17 199 263
359 10 361 417
360 10 471 554
361 14 141 231
362 13 361 437
363 14 159 196
364 10 464 498
365 11 255 297
366 20 409 446
367 11 449 495
368 13 382 452
369 11 396 431
370 15 369 404
371 19 75 149
372 19 464 522
373 15 246 306
374 11 200 261
375 16 440 482
376 15 119 165
377 16 37 72
378 14 161 230
379 20 498 553
380 16 48 134
381 20 412 463
382 18 140 211
383 18 141 211
384 17 41 114
385 13 97 184
386 11 474 520
387 17 406 484
388 18 451 481
389 15 391 451
390 16 401 459
391 16 436 503
392 17 230 298
393 16 458 542
394 17 22 111
395 12 400 442
396 19 471 501
397 18 250 286
398 18 421 451
399 11 209 250
400 19 445 533
401 13 162 233
402 16 167 201
403 11 235 268
404 13 436 484
405 12 498 538
406 15 396 477
407 19 98 140
408 19 453 493
409 19 374 452
410 10 416 454
411 18 169 242
412 11 496 581
413 14 466 529
414 14 228 292
415 15 417 477
416 14 457 529
417 17 69 107
418 20 441 531
419 11 402 436
420 13 371 428
421 20 429 470
422 10 86 124
423 19 385 467
424 12 206 294
425 13 215 291
426 11 181 247
427 11 23 98
428 10 447 531
429 12 12 64
430 10 378 410
431 11 116 164
432 11 441 480
433 19 431 464
434 17 474 526
435 12 466 518
436 14 0 82
437 10 91 156
438 15 106 174
439 15 87 156
440 20 364 407
441 20 214 263
442 11 80 127
443 10 146 193
444 14 457 540
445 10 139 195
446 14 482 543
447 10 379 422
448 11 3 75
449 15 69 153
450 19 96 152
451 15 26 71
452 15 203 259
453 14 435 524
454 19 469 529
455 16 106 148
456 14 34 81
457 17 239 274
458 16 87 174
459 17 399 475
460 16 441 514
461 16 401 487
462 18 441 499
463 12 255 333
464 10 217 251
465 10 390 465
466 19 481 553
467 18 253 293
468 15 90 150
469 13 419 452
470 13 444 513
471 18 393 430
472 15 499 577
473 19 133 195
474 20 483 560
475 15 216 274
476 20 123 156
477 12 441 497
478 17 177 252
479 16 399 467
480 13 442 512
481 20 259 339
482 14 471 516
483 13 405 436
484 11 111 144
485 17 244 277
486 18 240 324
487 20 485 557
488 16 397 436
489 15 166 217
490 13 426 470
491 15 194 283
492 15 197 261
493 17 10 77
494 15 258 333
495 12 2 58
496 13 484 543
497 15 39 100
498 17 444 478
499 15 496 536
500 17 219 276
501 14 487 561
502 13 450 527
503 11 379 465
504 10 125 203
505 19 376 428
506 19 176 230
507 20 25 91
508 13 104 186
509 17 195 253
510 11 104 176
511 11 442 496
512 14 386 444
513 10 489 579
514 10 229 294
515 18 124 183
516 14 216 296
517 15 6 58
518 18 176 210
519 16 438 526
520 12 63 114
521 11 380 425
522 12 55 130
523 14 249 304
524 17 422 494
525 12 166 224
526 18 29 105
527 16 416 498
528 19 456 527
529 12 159 224
530 15 396 454
531 19 377 464
532 15 407 488
533 13 461 532
534 12 476 540
535 18 167 237
536 14 87 149
537 17 25 115
538 15 399 483
539 13 7 87
540 19 32 116
541 14 469 536
542 19 491 539
543 10 396 427
544 11 448 491
545 12 488 574
546 18 478 532
547 10 364 426
548 16 443 474
549 14 492 568
550 16 478 542
551 12 145 197
552 14 398 465
553 12 81 167
554 15 482 516
555 17 214 277
556 11 402 466
557 16 400 444
558 17 443 488
559 15 216 271
560 16 27 99
561 19 56 128
562 13 146 193
563 17 235 303
564 10 421 470
565 12 61 118
566 20 413 454
567 12 182 213
568 12 2 87
569 20 494 547
570 20 182 228
571 16 478 561
572 15 60 149
573 12 411 473
574 19 394 433
575 18 408 487
576 10 158 221
577 13 248 304
578 16 398 448
579 12 453 507
580 13 77 111
581 15 73 161
582 20 412 486
583 14 368 410
584 19 403 458
585 16 174 230
586 13 27 92
587 19 141 186
588 19 221 251
589 12 362 449
590 12 26 69
591 12 459 506
592 13 420 452
593 19 456 536
594 12 453 492
595 20 150 205
596 16 18 54
597 19 104 184
598 15 364 429
599 20 492 554
600 16 421 487
601 15 479 567
602 20 372 416
603 17 258 331
604 19 396 443
605 20 87 145
606 18 376 446
607 14 257 291
608 20 200 273
609 18 396 457
610 12 109 140
611 12 65 151
612 11 211 262
613 14 131 172
614 19 62 134
615 12 434 492
616 18 440 529
617 10 487 525
618 19 453 496
619 16 119 172
620 10 420 495
621 19 385 439
622 16 404 442
623 20 442 493
624 12 192 232
625 20 119 185
626 13 442 487
627 20 467 504
628 19 375 451
629 12 387 456
630 17 1 53
631 15 419 491
632 13 35 86
633 16 413 464
634 15 224 301
635 10 397 482
636 11 379 469
637 13 52 119
638 11 112 143
639 17 200 283
640 20 401 431
641 13 44 94
642 20 25 95
643 20 477 507
644 11 259 335
645 10 405 486
646 12 73 134
647 17 181 231
648 10 121 173
649 10 152 211
650 20 216 295
651 18 197 285
652 15 32 66
653 15 192 248
654 20 466 513
655 15 12 89
656 10 473 533
657 11 403 475
658 13 430 496
659 12 93 175
660 14 371 441
661 13 410 477
662 11 382 425
663 11 152 223
664 10 425 508
665 12 163 252
666 13 428 472
667 14 424 503
668 14 427 489
669 12 193 239
670 12 372 443
671 11 389 431
672 10 486 542
673 12 166 198
674 11 245 300
675 10 80 138
676 13 451 496
677 14 455 528
678 10 163 226
679 14 34 117
680 18 125 162
681 16 429 474
682 11 448 529
683 10 177 244
684 17 115 152
685 14 418 468
686 17 489 573
687 13 66 100
688 19 45 117
689 20 419 463
690 20 231 273
691 13 421 454
692 18 404 490
693 17 203 291
694 19 489 570
695 17 227 264
696 12 112 142
697 11 152 185
698 20 104 146
699 15 129 196
700 14 455 514
701 10 397 480
702 14 409 452
703 10 54 120
704 11 65 146
705 14 461 536
706 17 488 530
707 13 364 410
708 19 180 246
709 17 364 404
710 12 207 281
711 17 410 465
712 18 58 133
713 13 8 85
714 12 406 496
715 10 389 431
716 11 167 212
717 20 66 114
718 11 416 495
719 10 196 286
720 20 460 533
721 20 435 490
722 12 444 517
723 11 164 239
724 13 458 496
725 15 104 173
726 10 206 244
727 18 179 257
728 14 497 527
729 18 233 303
730 19 425 476
731 18 448 498
732 19 71 102
733 12 165 200
734 15 94 128
735 14 498 554
736 14 54 130
737 16 499 562
738 20 170 256
739 13 17 72
740 10 435 467
741 19 137 192
742 14 76 154
743 18 466 503
744 16 55 113
745 16 445 476
746 10 113 148
747 10 103 187
748 11 459 543
749 16 170 241
750 14 28 69
751 15 366 415
752 12 444 496
753 16 11 41
754 10 463 547
755 10 496 538
756 17 219 272
757 15 25 108
758 19 468 526
759 14 235 270
760 16 41 99
761 16 9 83
762 14 66 116
763 20 18 78
764 16 489 573
765 18 396 467
766 12 376 406
767 20 437 484
768 19 182 227
769 15 408 495
770 10 23 103
771 18 36 84
772 18 441 492
773 16 82 153
774 12 20 103
775 11 80 123
776 16 405 457
777 11 433 505
778 11 454 513
779 19 18 74
780 15 51 92
781 13 94 160
782 20 402 443
783 20 473 548
784 17 178 254
785 20 59 118
786 10 221 303
787 11 84 155
788 16 396 436
789 15 99 155
790 18 120 183
791 10 467 548
792 19 440 490
793 19 463 501
794 14 129 211
795 18 392 452
796 11 446 478
797 17 383 453
798 19 367 397
799 17 455 541
800 17 409 466
801 13 448 526
802 20 147 185
803 19 100 188
804 12 389 424
805 18 179 263
806 13 427 477
807 16 36 106
808 16 117 195
809 12 39 72
810 11 426 516
811 12 235 284
812 19 407 463
813 11 27 99
814 10 393 475
815 17 200 261
816 10 489 559
817 11 9 68
818 12 482 558
819 14 11 82
820 19 56 128
821 18 69 158
822 12 2 65
823 17 370 435
824 11 259 323
825 14 253 284
826 19 489 558
827 16 101 178
828 15 363 424
829 13 435 504
830 11 416 449
831 12 48 114
832 14 404 437
833 11 470 548
834 19 495 574
835 14 98 158
836 16 166 235
837 14 363 407
838 11 452 505
839 16 456 521
840 10 420 503
841 20 185 262
842 15 474 548
843 17 452 513
844 19 251 302
845 16 237 303
846 20 405 474
847 10 360 403
848 18 227 302
849 14 49 113
850 11 214 274
851 12 111 200
852 10 450 500
853 16 252 311
854 16 423 507
855 20 417 502
856 19 169 206
857 18 260 337
858 18 145 221
859 19 414 451
860 14 463 527
861 12 470 507
862 15 405 456
863 13 394 426
864 16 181 262
865 13 159 225
866 12 495 531
867 12 254 295
868 16 204 234
869 13 199 235
870 20 259 328
871 14 495 576
872 16 13 75
873 14 446 516
874 10 178 248
875 18 127 189
876 18 417 464
877 10 384 436
878 18 211 278
879 19 55 133
880 10 212 268
881 15 468 544
882 11 103 160
883 11 134 188
884 12 68 154
885 13 169 239
886 15 177 229
887 16 492 567
888 10 392 460
889 15 135 201
890 18 459 513
891 12 253 323
892 18 494 549
893 16 208 276
894 10 451 488
895 18 178 256
896 15 420 493
897 10 106 158
898 15 132 204
899 11 84 155
900 13 459 505
901 19 236 313
902 18 114 154
903 13 443 475
904 20 452 542
905 14 29 94
906 16 368 419
907 19 471 544
908 13 210 255
909 19 471 524
910 11 92 160
911 14 448 512
912 19 1 80
913 10 113 160
914 17 96 186
915 20 487 565
916 18 476 507
917 17 396 459
918 15 456 499
919 12 255 315
920 20 379 436
921 18 157 192
922 10 491 547
923 20 409 457
924 14 22 88
925 13 78 141
926 11 10 62
927 16 461 493
928 17 405 461
929 12 217 266
930 11 219 250
931 14 392 422
932 18 170 260
933 16 104 153
934 17 444 485
935 16 81 114
936 12 385 421
937 10 56 110
938 10 60 131
939 12 217 255
940 10 457 489
941 15 441 499
942 11 461 529
943 16 426 472
944 17 397 435
945 20 135 170
946 20 383 438
947 13 150 186
948 17 378 429
949 10 380 431
950 16 130 162
951 14 101 140
952 11 194 244
953 13 95 130
954 20 247 293
955 14 255 331
956 13 126 191
957 17 89 133
958 10 68 118
959 12 380 439
960 20 361 437
961 17 404 494
962 13 477 559
963 14 464 499
964 13 461 539
965 10 240 302
966 20 395 472
967 11 245 307
968 11 56 94
969 17 4 56
970 10 153 187
971 11 401 467
972 16 422 491
973 14 426 473
974 12 433 504
975 19 153 242
976 18 379 429
977 13 376 418
978 12 415 473
979 15 437 506
980 17 203 280
981 15 366 435
982 20 478 556
983 20 112 159
984 12 415 458
985 17 120 199
986 14 215 273
987 16 87 122
988 19 162 212
989 19 414 444
990 12 403 446
991 11 66 154
992 12 481 561
993 14 418 507
994 16 32 86
995 10 243 308
996 10 121 185
997 15 486 547
998 16 86 151
999 12 418 498
