480
0 0 0 0
1 60 240 300
2 10 395 415
3 14 332 348
4 13 361 402
5 20 170 181
6 15 39 73
7 19 210 222
8 11 196 213
9 18 377 404
10 11 73 89
11 17 150 180
12 20 384 398
13 17 75 92
14 17 78 110
15 20 320 356
16 14 134 171
17 16 382 405
18 15 334 346
19 20 29 41
20 12 25 38
21 14 346 380
22 10 350 378
23 12 189 222
24 10 28 77
25 10 407 440
26 10 29 44
27 11 35 72
28 16 197 230
29 11 350 392
30 20 73 121
31 18 357 380
32 12 68 114
33 19 83 131
34 20 320 332
35 18 138 166
36 10 407 425
37 13 383 395
38 16 202 245
39 18 393 406
40 11 361 385
41 20 83 121
42 11 330 341
43 11 118 135
44 10 133 169
45 14 365 406
46 17 418 436
47 18 49 89
48 17 368 412
49 11 390 434
50 13 190 226
51 19 92 115
52 18 375 424
53 13 99 146
54 18 33 50
55 16 333 364
56 17 407 432
57 14 321 359
58 14 143 180
59 14 335 374
60 17 181 217
61 16 145 175
62 17 14 25
63 17 73 85
64 20 51 62
65 14 415 463
66 18 171 203
67 18 217 246
68 18 360 375
69 12 390 433
70 15 174 199
71 12 388 428
72 19 181 200
73 19 178 199
74 12 203 214
75 11 110 144
76 18 410 437
77 10 408 426
78 13 213 254
79 17 335 366
80 15 357 376
81 12 307 351
82 13 335 383
83 15 56 94
84 16 47 97
85 15 326 340
86 12 196 225
87 16 343 362
88 10 1 16
89 10 360 392
90 13 3 48
91 19 174 206
92 20 49 61
93 15 408 422
94 19 62 83
95 18 336 347
96 12 335 368
97 17 323 368
98 14 159 201
99 19 144 169
100 11 140 182
101 12 123 172
102 16 410 442
103 18 25 44
104 10 328 343
105 10 352 365
106 18 364 394
107 15 382 420
108 13 374 397
109 11 412 431
110 19 381 391
111 14 326 343
112 19 323 346
113 12 311 353
114 14 326 352
115 12 417 433
116 11 360 370
117 16 89 132
118 16 308 331
119 18 347 369
120 13 304 354
121 14 386 397
122 19 394 410
123 13 330 375
124 20 370 417
125 18 119 133
126 15 371 382
127 10 83 106
128 15 150 167
129 12 12 48
130 20 97 124
131 17 141 163
132 18 183 212
133 13 343 367
134 18 318 357
135 12 377 399
136 15 64 94
137 12 384 409
138 16 309 346
139 14 318 334
140 12 329 372
141 12 306 328
142 13 315 352
143 13 170 191
144 20 180 216
145 12 413 453
146 16 188 232
147 16 202 248
148 10 212 260
149 15 366 382
150 17 417 462
151 13 309 328
152 14 412 423
153 10 71 88
154 17 107 145
155 12 305 317
156 13 377 421
157 17 199 222
158 10 137 162
159 20 153 201
160 15 338 386
161 12 361 399
162 14 399 434
163 17 373 400
164 20 341 362
165 18 16 26
166 17 35 58
167 12 305 354
168 19 48 95
169 20 111 149
170 11 324 349
171 14 349 365
172 11 201 225
173 19 86 114
174 20 77 93
175 13 194 231
176 12 394 433
177 14 137 176
178 10 76 119
179 14 172 200
180 18 365 404
181 19 113 143
182 14 118 138
183 11 409 459
184 17 314 324
185 19 78 106
186 12 97 113
187 11 167 182
188 19 327 376
189 14 332 380
190 13 340 363
191 11 31 62
192 12 183 195
193 10 191 207
194 18 349 380
195 10 351 387
196 14 343 391
197 19 99 125
198 15 327 355
199 10 406 416
200 10 319 354
201 11 302 318
202 16 49 79
203 20 74 108
204 11 401 448
205 15 336 348
206 20 176 207
207 14 83 113
208 18 33 67
209 17 342 365
210 16 96 129
211 11 409 431
212 10 409 452
213 15 367 384
214 19 214 258
215 20 322 372
216 11 118 138
217 12 215 252
218 11 332 374
219 19 19 49
220 14 183 226
221 16 342 379
222 16 303 334
223 19 342 389
224 12 146 165
225 13 374 423
226 20 309 341
227 14 184 218
228 12 412 428
229 14 16 33
230 13 24 48
231 19 368 399
232 12 152 178
233 20 184 224
234 18 213 230
235 12 385 430
236 13 39 56
237 14 186 224
238 15 404 440
239 18 128 163
240 10 411 449
241 13 395 435
242 11 175 213
243 15 310 356
244 13 336 376
245 15 318 349
246 12 128 155
247 19 39 73
248 17 386 406
249 10 347 388
250 14 399 448
251 10 320 332
252 14 25 44
253 12 368 381
254 11 366 405
255 13 40 58
256 11 367 403
257 19 133 148
258 11 165 211
259 16 172 198
260 12 127 152
261 10 85 128
262 16 71 101
263 14 324 343
264 10 96 113
265 18 362 375
266 10 343 378
267 15 18 60
268 19 338 354
269 10 408 452
270 12 368 403
271 15 86 124
272 12 215 235
273 18 206 217
274 19 9 49
275 17 136 182
276 15 414 433
277 20 396 414
278 14 129 166
279 17 219 260
280 10 17 60
281 14 364 382
282 16 89 134
283 12 149 178
284 17 317 336
285 20 390 415
286 18 146 175
287 14 392 427
288 18 183 215
289 17 61 83
290 19 395 425
291 12 208 258
292 11 170 206
293 20 162 188
294 13 351 379
295 17 102 135
296 16 72 122
297 16 373 405
298 14 330 373
299 15 305 351
