0 1 16
0 2 15
0 3 13
0 4 15
0 5 15
0 6 14
0 7 12
0 8 14
0 9 16
0 10 13
0 11 13
0 12 17
0 13 15
0 14 15
0 15 13
0 16 15
0 17 14
0 18 14
0 19 13
0 20 17
0 21 16
0 22 14
0 23 18
0 24 19
0 25 21
0 26 15
0 27 12
0 28 13
0 29 17
0 30 10
0 31 12
0 32 19
0 33 16
0 34 18
0 35 9
0 36 14
0 37 13
0 38 17
0 39 15
0 40 11
0 41 13
0 42 11
0 43 11
0 44 9
0 45 10
0 46 15
0 47 14
0 48 15
0 49 15
1 2 13
1 3 17
1 4 8
1 5 13
1 6 13
1 7 13
1 8 17
1 9 17
1 10 16
1 11 12
1 12 13
1 13 15
1 14 16
1 15 14
1 16 14
1 17 13
1 18 16
1 19 10
1 20 14
1 21 18
1 22 12
1 23 22
1 24 14
1 25 13
1 26 13
1 27 13
1 28 15
1 29 18
1 30 14
1 31 15
1 32 14
1 33 16
1 34 16
1 35 14
1 36 17
1 37 14
1 38 18
1 39 13
1 40 15
1 41 17
1 42 16
1 43 17
1 44 16
1 45 18
1 46 15
1 47 19
1 48 17
1 49 7
2 3 19
2 4 14
2 5 18
2 6 15
2 7 12
2 8 12
2 9 18
2 10 21
2 11 13
2 12 10
2 13 17
2 14 13
2 15 12
2 16 15
2 17 16
2 18 15
2 19 14
2 20 11
2 21 14
2 22 17
2 23 18
2 24 19
2 25 12
2 26 13
2 27 16
2 28 18
2 29 14
2 30 11
2 31 11
2 32 14
2 33 15
2 34 17
2 35 18
2 36 11
2 37 19
2 38 14
2 39 6
2 40 13
2 41 12
2 42 15
2 43 14
2 44 8
2 45 14
2 46 13
2 47 14
2 48 11
2 49 14
3 4 10
3 5 19
3 6 13
3 7 17
3 8 12
3 9 14
3 10 13
3 11 17
3 12 16
3 13 14
3 14 15
3 15 16
3 16 21
3 17 14
3 18 16
3 19 18
3 20 17
3 21 16
3 22 12
3 23 18
3 24 19
3 25 12
3 26 9
3 27 13
3 28 10
3 29 15
3 30 15
3 31 12
3 32 16
3 33 11
3 34 11
3 35 15
3 36 15
3 37 18
3 38 17
3 39 18
3 40 19
3 41 11
3 42 12
3 43 12
3 44 14
3 45 13
3 46 20
3 47 16
3 48 12
3 49 18
4 5 12
4 6 16
4 7 15
4 8 12
4 9 15
4 10 9
4 11 18
4 12 22
4 13 17
4 14 16
4 15 9
4 16 14
4 17 16
4 18 18
4 19 10
4 20 19
4 21 16
4 22 16
4 23 16
4 24 12
4 25 15
4 26 14
4 27 13
4 28 15
4 29 8
4 30 11
4 31 13
4 32 18
4 33 14
4 34 18
4 35 12
4 36 14
4 37 13
4 38 11
4 39 16
4 40 13
4 41 16
4 42 14
4 43 19
4 44 15
4 45 14
4 46 11
4 47 25
4 48 17
4 49 18
5 6 19
5 7 16
5 8 13
5 9 17
5 10 12
5 11 20
5 12 11
5 13 15
5 14 12
5 15 7
5 16 10
5 17 13
5 18 17
5 19 14
5 20 14
5 21 14
5 22 16
5 23 12
5 24 16
5 25 12
5 26 12
5 27 15
5 28 15
5 29 9
5 30 14
5 31 20
5 32 12
5 33 13
5 34 20
5 35 12
5 36 15
5 37 17
5 38 16
5 39 12
5 40 14
5 41 17
5 42 21
5 43 21
5 44 17
5 45 10
5 46 17
5 47 17
5 48 17
5 49 15
6 7 11
6 8 12
6 9 17
6 10 15
6 11 16
6 12 15
6 13 15
6 14 15
6 15 14
6 16 15
6 17 14
6 18 12
6 19 11
6 20 21
6 21 16
6 22 14
6 23 8
6 24 12
6 25 15
6 26 15
6 27 16
6 28 12
6 29 10
6 30 15
6 31 15
6 32 13
6 33 16
6 34 15
6 35 17
6 36 13
6 37 12
6 38 12
6 39 13
6 40 18
6 41 14
6 42 16
6 43 15
6 44 14
6 45 8
6 46 17
6 47 17
6 48 17
6 49 12
7 8 18
7 9 15
7 10 14
7 11 17
7 12 16
7 13 14
7 14 17
7 15 10
7 16 12
7 17 13
7 18 18
7 19 17
7 20 16
7 21 14
7 22 17
7 23 17
7 24 15
7 25 14
7 26 15
7 27 13
7 28 16
7 29 15
7 30 8
7 31 16
7 32 14
7 33 14
7 34 16
7 35 17
7 36 18
7 37 17
7 38 10
7 39 20
7 40 17
7 41 9
7 42 15
7 43 18
7 44 14
7 45 13
7 46 17
7 47 15
7 48 10
7 49 18
8 9 15
8 10 14
8 11 21
8 12 17
8 13 14
8 14 16
8 15 16
8 16 9
8 17 10
8 18 11
8 19 18
8 20 10
8 21 14
8 22 18
8 23 17
8 24 14
8 25 10
8 26 10
8 27 17
8 28 12
8 29 12
8 30 18
8 31 17
8 32 15
8 33 15
8 34 10
8 35 19
8 36 17
8 37 12
8 38 12
8 39 18
8 40 17
8 41 14
8 42 13
8 43 14
8 44 14
8 45 15
8 46 17
8 47 15
8 48 12
8 49 21
9 10 9
9 11 15
9 12 15
9 13 14
9 14 9
9 15 18
9 16 12
9 17 15
9 18 12
9 19 25
9 20 22
9 21 13
9 22 13
9 23 15
9 24 14
9 25 17
9 26 15
9 27 17
9 28 17
9 29 12
9 30 12
9 31 13
9 32 14
9 33 7
9 34 13
9 35 12
9 36 19
9 37 11
9 38 11
9 39 13
9 40 12
9 41 15
9 42 16
9 43 16
9 44 15
9 45 15
9 46 9
9 47 17
9 48 9
9 49 12
10 11 18
10 12 15
10 13 13
10 14 17
10 15 15
10 16 19
10 17 12
10 18 18
10 19 19
10 20 16
10 21 17
10 22 18
10 23 20
10 24 15
10 25 14
10 26 20
10 27 15
10 28 11
10 29 17
10 30 12
10 31 12
10 32 15
10 33 17
10 34 10
10 35 11
10 36 14
10 37 15
10 38 16
10 39 16
10 40 18
10 41 14
10 42 11
10 43 15
10 44 18
10 45 10
10 46 17
10 47 18
10 48 8
10 49 13
11 12 18
11 13 16
11 14 16
11 15 18
11 16 16
11 17 12
11 18 12
11 19 14
11 20 20
11 21 12
11 22 15
11 23 15
11 24 12
11 25 14
11 26 19
11 27 15
11 28 17
11 29 18
11 30 18
11 31 17
11 32 17
11 33 10
11 34 18
11 35 12
11 36 14
11 37 16
11 38 10
11 39 8
11 40 14
11 41 13
11 42 16
11 43 15
11 44 15
11 45 13
11 46 13
11 47 11
11 48 12
11 49 17
12 13 14
12 14 18
12 15 16
12 16 18
12 17 12
12 18 11
12 19 21
12 20 14
12 21 18
12 22 12
12 23 18
12 24 18
12 25 18
12 26 13
12 27 10
12 28 16
12 29 11
12 30 10
12 31 12
12 32 15
12 33 16
12 34 11
12 35 13
12 36 13
12 37 11
12 38 14
12 39 10
12 40 12
12 41 14
12 42 16
12 43 12
12 44 17
12 45 12
12 46 15
12 47 13
12 48 15
12 49 18
13 14 17
13 15 18
13 16 16
13 17 18
13 18 14
13 19 13
13 20 10
13 21 11
13 22 15
13 23 15
13 24 19
13 25 12
13 26 14
13 27 18
13 28 13
13 29 9
13 30 18
13 31 15
13 32 7
13 33 13
13 34 17
13 35 15
13 36 19
13 37 17
13 38 11
13 39 14
13 40 13
13 41 16
13 42 14
13 43 15
13 44 13
13 45 13
13 46 10
13 47 16
13 48 18
13 49 15
14 15 22
14 16 18
14 17 22
14 18 14
14 19 14
14 20 16
14 21 17
14 22 13
14 23 11
14 24 15
14 25 18
14 26 16
14 27 12
14 28 13
14 29 18
14 30 18
14 31 11
14 32 18
14 33 14
14 34 15
14 35 15
14 36 17
14 37 14
14 38 16
14 39 7
14 40 10
14 41 13
14 42 10
14 43 13
14 44 17
14 45 10
14 46 14
14 47 14
14 48 17
14 49 17
15 16 17
15 17 9
15 18 9
15 19 17
15 20 12
15 21 18
15 22 20
15 23 20
15 24 13
15 25 17
15 26 16
15 27 15
15 28 18
15 29 16
15 30 15
15 31 14
15 32 11
15 33 15
15 34 14
15 35 13
15 36 16
15 37 17
15 38 13
15 39 17
15 40 11
15 41 15
15 42 10
15 43 20
15 44 16
15 45 16
15 46 13
15 47 12
15 48 17
15 49 20
16 17 11
16 18 17
16 19 21
16 20 11
16 21 11
16 22 16
16 23 15
16 24 15
16 25 21
16 26 12
16 27 10
16 28 18
16 29 14
16 30 12
16 31 18
16 32 16
16 33 17
16 34 17
16 35 14
16 36 14
16 37 15
16 38 17
16 39 14
16 40 13
16 41 12
16 42 13
16 43 9
16 44 13
16 45 10
16 46 11
16 47 15
16 48 17
16 49 12
17 18 15
17 19 13
17 20 19
17 21 16
17 22 18
17 23 12
17 24 18
17 25 8
17 26 16
17 27 8
17 28 17
17 29 17
17 30 16
17 31 13
17 32 15
17 33 19
17 34 10
17 35 12
17 36 17
17 37 12
17 38 14
17 39 19
17 40 16
17 41 15
17 42 11
17 43 11
17 44 12
17 45 15
17 46 13
17 47 8
17 48 14
17 49 10
18 19 17
18 20 17
18 21 16
18 22 18
18 23 16
18 24 13
18 25 13
18 26 17
18 27 19
18 28 20
18 29 20
18 30 15
18 31 12
18 32 16
18 33 17
18 34 15
18 35 20
18 36 13
18 37 18
18 38 20
18 39 16
18 40 19
18 41 12
18 42 14
18 43 14
18 44 16
18 45 17
18 46 14
18 47 13
18 48 17
18 49 15
19 20 14
19 21 16
19 22 17
19 23 13
19 24 18
19 25 17
19 26 19
19 27 16
19 28 13
19 29 12
19 30 17
19 31 18
19 32 17
19 33 19
19 34 10
19 35 12
19 36 18
19 37 13
19 38 13
19 39 17
19 40 9
19 41 11
19 42 16
19 43 16
19 44 14
19 45 9
19 46 5
19 47 14
19 48 8
19 49 11
20 21 16
20 22 18
20 23 15
20 24 21
20 25 16
20 26 16
20 27 15
20 28 15
20 29 14
20 30 10
20 31 13
20 32 13
20 33 13
20 34 13
20 35 10
20 36 10
20 37 16
20 38 14
20 39 14
20 40 18
20 41 14
20 42 22
20 43 8
20 44 9
20 45 19
20 46 15
20 47 18
20 48 16
20 49 16
21 22 14
21 23 11
21 24 15
21 25 12
21 26 16
21 27 15
21 28 10
21 29 16
21 30 17
21 31 10
21 32 16
21 33 12
21 34 15
21 35 13
21 36 11
21 37 11
21 38 19
21 39 15
21 40 17
21 41 17
21 42 13
21 43 13
21 44 14
21 45 19
21 46 15
21 47 12
21 48 17
21 49 13
22 23 16
22 24 16
22 25 19
22 26 15
22 27 18
22 28 18
22 29 19
22 30 10
22 31 13
22 32 12
22 33 16
22 34 14
22 35 18
22 36 19
22 37 8
22 38 11
22 39 17
22 40 14
22 41 14
22 42 22
22 43 10
22 44 15
22 45 19
22 46 17
22 47 18
22 48 10
22 49 16
23 24 12
23 25 19
23 26 13
23 27 12
23 28 15
23 29 14
23 30 16
23 31 15
23 32 14
23 33 18
23 34 12
23 35 11
23 36 16
23 37 18
23 38 16
23 39 17
23 40 12
23 41 16
23 42 12
23 43 17
23 44 19
23 45 14
23 46 14
23 47 16
23 48 15
23 49 20
24 25 17
24 26 14
24 27 17
24 28 16
24 29 17
24 30 14
24 31 15
24 32 11
24 33 14
24 34 15
24 35 15
24 36 18
24 37 13
24 38 15
24 39 8
24 40 15
24 41 11
24 42 12
24 43 16
24 44 6
24 45 16
24 46 16
24 47 22
24 48 15
24 49 18
25 26 16
25 27 10
25 28 15
25 29 13
25 30 21
25 31 13
25 32 17
25 33 13
25 34 13
25 35 10
25 36 11
25 37 19
25 38 15
25 39 18
25 40 12
25 41 13
25 42 20
25 43 14
25 44 18
25 45 13
25 46 15
25 47 19
25 48 21
25 49 9
26 27 9
26 28 17
26 29 16
26 30 19
26 31 16
26 32 11
26 33 18
26 34 11
26 35 13
26 36 11
26 37 18
26 38 14
26 39 10
26 40 15
26 41 16
26 42 15
26 43 9
26 44 13
26 45 17
26 46 11
26 47 16
26 48 15
26 49 17
27 28 18
27 29 13
27 30 15
27 31 12
27 32 12
27 33 12
27 34 13
27 35 14
27 36 13
27 37 15
27 38 17
27 39 18
27 40 14
27 41 10
27 42 12
27 43 17
27 44 15
27 45 17
27 46 15
27 47 17
27 48 16
27 49 13
28 29 15
28 30 16
28 31 12
28 32 13
28 33 14
28 34 8
28 35 22
28 36 18
28 37 11
28 38 12
28 39 21
28 40 10
28 41 13
28 42 13
28 43 16
28 44 12
28 45 15
28 46 17
28 47 8
28 48 12
28 49 12
29 30 14
29 31 16
29 32 6
29 33 12
29 34 9
29 35 12
29 36 16
29 37 11
29 38 18
29 39 14
29 40 14
29 41 15
29 42 10
29 43 16
29 44 6
29 45 14
29 46 14
29 47 21
29 48 15
29 49 16
30 31 15
30 32 14
30 33 13
30 34 13
30 35 16
30 36 14
30 37 16
30 38 15
30 39 15
30 40 16
30 41 15
30 42 14
30 43 16
30 44 18
30 45 21
30 46 14
30 47 11
30 48 13
30 49 13
31 32 12
31 33 16
31 34 13
31 35 12
31 36 19
31 37 10
31 38 17
31 39 17
31 40 9
31 41 13
31 42 16
31 43 16
31 44 18
31 45 20
31 46 14
31 47 19
31 48 16
31 49 16
32 33 13
32 34 12
32 35 10
32 36 19
32 37 15
32 38 21
32 39 16
32 40 15
32 41 14
32 42 12
32 43 15
32 44 10
32 45 12
32 46 12
32 47 15
32 48 20
32 49 20
33 34 11
33 35 15
33 36 18
33 37 20
33 38 16
33 39 16
33 40 15
33 41 17
33 42 13
33 43 10
33 44 14
33 45 14
33 46 14
33 47 10
33 48 13
33 49 19
34 35 13
34 36 19
34 37 21
34 38 17
34 39 11
34 40 12
34 41 12
34 42 13
34 43 9
34 44 21
34 45 17
34 46 9
34 47 16
34 48 14
34 49 18
35 36 14
35 37 19
35 38 16
35 39 11
35 40 17
35 41 17
35 42 20
35 43 21
35 44 12
35 45 12
35 46 12
35 47 13
35 48 14
35 49 8
36 37 18
36 38 12
36 39 17
36 40 12
36 41 14
36 42 16
36 43 15
36 44 19
36 45 14
36 46 16
36 47 16
36 48 13
36 49 11
37 38 17
37 39 13
37 40 18
37 41 19
37 42 12
37 43 13
37 44 21
37 45 10
37 46 12
37 47 14
37 48 13
37 49 14
38 39 13
38 40 16
38 41 13
38 42 13
38 43 12
38 44 20
38 45 13
38 46 14
38 47 20
38 48 18
38 49 17
39 40 18
39 41 9
39 42 13
39 43 17
39 44 14
39 45 12
39 46 15
39 47 23
39 48 14
39 49 14
40 41 12
40 42 14
40 43 15
40 44 10
40 45 14
40 46 20
40 47 13
40 48 19
40 49 15
41 42 16
41 43 15
41 44 19
41 45 10
41 46 14
41 47 16
41 48 16
41 49 17
42 43 16
42 44 15
42 45 22
42 46 16
42 47 10
42 48 18
42 49 15
43 44 19
43 45 15
43 46 13
43 47 15
43 48 14
43 49 17
44 45 15
44 46 14
44 47 21
44 48 9
44 49 16
45 46 13
45 47 16
45 48 12
45 49 15
46 47 13
46 48 21
46 49 14
47 48 14
47 49 9
48 49 13
