480
0 0 0 0
1 60 240 300
2 11 159 177
3 18 212 238
4 11 391 434
5 11 391 440
6 20 45 70
7 16 372 396
8 16 323 341
9 15 377 420
10 15 389 406
11 10 166 206
12 10 22 44
13 15 147 157
14 15 349 392
15 19 403 436
16 20 419 468
17 19 213 254
18 15 410 447
19 12 199 211
20 14 300 326
21 15 144 192
22 10 146 180
23 17 35 66
24 20 420 452
25 12 62 73
26 19 13 52
27 14 409 441
28 16 213 263
29 18 373 404
30 16 58 81
31 15 137 169
32 11 326 359
33 19 329 345
34 18 136 148
35 15 114 125
36 14 197 221
37 11 71 103
38 16 132 172
39 18 148 195
40 19 215 235
41 15 340 377
42 13 357 396
43 11 367 400
44 11 339 369
45 12 404 431
46 16 109 154
47 17 377 423
48 19 364 385
49 19 359 380
