540
0 0 0 0
1 60 300 360
2 17 148 188
3 16 467 482
4 12 160 210
5 19 466 493
6 19 404 433
7 17 366 412
8 19 244 287
9 19 373 400
10 16 475 505
11 14 127 165
12 15 395 418
13 19 138 152
14 11 165 213
15 19 29 72
16 19 20 44
17 16 145 191
18 17 237 284
19 19 372 406
20 11 176 192
21 14 391 425
22 18 275 324
23 18 160 200
24 17 217 260
25 11 130 174
26 18 465 498
27 18 457 481
28 13 368 411
29 12 20 63
30 17 448 496
31 11 100 115
32 15 219 268
33 10 70 101
34 16 373 397
35 16 474 502
36 17 400 438
37 19 220 230
38 19 445 480
39 16 108 157
40 10 373 387
41 17 280 312
42 13 440 457
43 19 429 449
44 10 400 421
45 16 396 409
46 10 47 70
47 20 152 193
48 13 260 307
49 13 32 48
50 19 127 169
51 15 378 424
52 11 197 226
53 17 22 47
54 10 221 239
55 19 158 188
56 20 149 159
57 19 222 256
58 10 439 474
59 13 178 205
60 20 42 86
61 10 398 415
62 18 84 106
63 17 171 200
64 15 170 189
65 18 113 161
66 16 440 489
67 12 452 475
68 16 412 436
69 20 199 230
70 11 473 521
71 10 480 515
72 11 442 483
73 15 473 517
74 13 140 183
75 16 360 383
76 17 381 394
77 14 453 482
78 11 277 314
79 20 18 47
80 12 26 57
81 19 154 183
82 17 418 454
83 14 31 63
84 13 122 137
85 16 77 104
86 19 471 510
87 14 30 60
88 15 268 291
89 20 398 410
90 16 107 126
91 13 468 504
92 12 465 497
93 17 91 125
94 10 406 425
95 20 471 487
96 12 270 295
97 18 46 83
98 13 193 203
99 11 248 273
100 14 221 236
101 12 398 440
102 14 194 237
103 20 363 403
104 12 74 112
105 12 98 141
106 16 161 185
107 15 389 436
108 15 62 92
109 17 182 207
110 18 371 396
111 14 408 457
112 10 462 508
113 10 369 394
114 18 163 196
115 19 140 170
116 14 72 120
117 14 67 79
118 17 383 432
119 18 418 463
120 11 67 108
121 14 398 436
122 16 71 100
123 15 148 181
124 19 156 199
125 15 455 486
126 16 28 69
127 19 381 411
128 11 99 114
129 12 462 488
130 19 86 111
131 14 403 445
132 16 95 115
133 12 202 239
134 18 433 467
135 12 389 432
136 17 380 399
137 19 37 69
138 15 146 162
139 11 451 500
140 15 49 60
141 10 241 266
142 18 439 452
143 13 423 456
144 15 115 139
145 15 93 108
146 19 388 418
147 14 147 171
148 15 223 250
149 17 408 456
150 10 372 408
151 16 394 418
152 11 449 496
153 17 119 161
154 10 401 440
155 12 449 482
156 12 468 516
157 11 423 450
158 18 44 59
159 17 140 184
160 15 362 374
161 16 444 490
162 13 241 251
163 14 190 224
164 13 472 497
165 16 376 423
166 14 390 408
167 17 18 61
168 11 163 206
169 19 373 419
170 18 15 27
171 16 459 498
172 20 211 226
173 12 382 428
174 15 465 507
175 16 471 496
176 12 410 422
177 16 395 419
178 11 368 410
179 13 375 392
180 16 363 387
181 20 406 449
182 18 360 397
183 16 52 66
184 18 464 501
185 15 405 442
186 13 29 63
187 12 135 156
188 20 18 55
189 12 158 197
190 17 407 421
191 13 447 459
192 11 76 116
193 11 25 58
194 15 423 451
195 19 461 509
196 12 376 387
197 11 376 418
198 18 467 488
199 16 405 444
200 11 412 442
201 12 436 453
202 13 379 420
203 17 432 476
204 14 460 481
205 10 457 481
206 18 474 513
207 19 174 223
208 14 226 241
209 16 12 41
210 18 375 386
211 18 170 194
212 19 218 241
213 15 80 129
214 18 75 100
215 16 81 107
216 15 397 408
217 12 53 96
218 10 162 200
219 10 71 114
220 20 213 226
221 11 247 285
222 11 147 171
223 17 436 481
224 18 409 459
225 14 259 291
226 12 362 407
227 17 441 483
228 11 279 307
229 20 77 104
230 12 231 265
231 19 433 455
232 20 365 396
233 18 417 435
234 18 235 269
235 18 27 67
236 20 75 98
237 18 264 276
238 14 147 197
239 20 443 476
240 17 464 511
241 10 417 450
242 14 174 185
243 10 126 136
244 17 443 481
245 17 90 136
246 18 466 477
247 16 75 95
248 14 122 137
249 16 448 484
250 20 223 273
251 14 121 133
252 14 122 153
253 19 210 250
254 16 162 172
255 20 250 274
256 16 411 456
257 10 43 70
258 10 205 220
259 15 405 454
260 16 163 174
261 15 195 218
262 15 380 390
263 16 21 41
264 11 454 473
265 20 124 134
266 16 405 440
267 12 399 444
268 20 431 468
269 12 22 43
270 12 273 318
271 17 372 389
272 18 100 150
273 13 456 490
274 20 422 432
275 17 226 264
276 19 226 273
277 19 193 235
278 20 479 492
279 20 479 497
280 12 435 458
281 18 460 498
282 14 83 120
283 17 377 406
284 12 86 104
285 14 43 71
286 18 378 423
287 11 72 109
288 15 438 462
289 11 442 484
290 14 64 114
291 16 257 299
292 14 401 413
293 20 24 52
294 17 12 51
295 11 453 502
296 14 420 452
297 11 266 295
298 15 257 280
299 19 463 482
300 17 110 142
301 15 389 434
302 13 466 512
303 16 408 446
304 11 104 149
305 11 41 72
306 20 66 81
307 15 416 435
308 19 364 391
309 14 16 41
310 11 398 418
311 17 427 466
312 20 107 144
313 20 27 65
314 12 384 408
315 13 262 292
316 19 382 412
317 19 468 479
318 16 161 189
319 17 19 37
320 10 447 466
321 13 369 406
322 10 446 479
323 20 13 62
324 16 86 108
325 13 442 460
326 12 78 119
327 18 372 412
328 11 278 306
329 12 44 58
330 15 393 443
331 16 441 485
332 11 244 267
333 13 0 26
334 13 390 419
335 18 372 389
336 15 416 455
337 19 50 99
338 18 472 495
339 11 268 282
340 17 148 185
341 13 431 472
342 15 139 173
343 14 395 444
344 13 435 472
345 13 188 233
346 10 445 467
347 12 46 89
348 18 466 492
349 12 169 214
350 10 418 439
351 14 220 255
352 18 366 408
353 12 399 419
354 18 208 245
355 18 163 207
356 11 7 33
357 13 32 62
358 17 214 247
359 10 361 388
360 10 455 501
361 14 151 201
362 13 361 402
363 14 172 187
364 10 449 462
365 11 275 293
366 20 402 416
367 11 436 456
368 13 379 416
369 11 391 404
370 15 368 381
371 19 81 121
372 19 449 478
373 15 265 295
374 11 216 246
375 16 429 447
376 15 128 148
377 16 40 53
378 14 173 209
379 20 478 505
380 16 51 98
381 20 405 429
382 18 150 187
383 18 152 189
384 17 44 83
385 13 105 153
386 11 457 477
387 17 399 441
388 18 438 448
389 15 387 417
390 16 395 423
391 16 425 460
392 17 248 283
393 16 444 490
394 17 24 74
395 12 395 413
396 19 455 465
397 18 269 283
398 18 412 422
399 11 225 242
400 19 433 482
401 13 174 212
402 16 180 192
403 11 253 265
404 13 425 447
405 12 478 494
406 15 391 435
407 19 105 123
408 19 440 457
409 19 372 414
410 10 408 424
411 18 182 220
412 11 477 523
413 14 451 483
414 14 245 278
415 15 409 439
416 14 443 481
417 17 74 90
418 20 429 479
419 11 396 408
420 13 369 397
421 20 419 436
422 10 93 108
423 19 381 426
424 12 222 271
425 13 231 272
426 11 195 229
427 11 25 65
428 10 435 481
429 12 13 37
430 10 375 386
431 11 125 147
432 11 429 445
433 19 421 433
434 17 457 482
435 12 451 476
436 14 0 45
437 10 98 131
438 15 114 150
439 15 93 129
440 20 363 381
441 20 230 253
442 11 86 107
443 10 157 178
444 14 443 489
445 10 150 177
446 14 465 496
447 10 376 394
448 11 3 41
449 15 74 120
450 19 103 130
451 15 28 48
452 15 219 246
453 14 425 474
454 19 453 483
455 16 114 132
456 14 37 58
457 17 257 270
458 16 94 142
459 17 394 434
460 16 429 468
461 16 395 443
462 18 429 458
463 12 275 317
464 10 233 246
465 10 385 425
466 19 464 502
467 18 273 290
468 15 97 127
469 13 411 423
470 13 432 468
471 18 388 403
472 15 479 521
473 19 143 174
474 20 466 508
475 15 233 262
476 20 133 145
477 12 429 456
478 17 191 231
479 16 393 429
480 13 430 466
481 20 279 323
482 14 455 475
483 13 399 409
484 11 119 131
485 17 263 275
486 18 259 305
487 20 467 505
488 16 392 408
489 15 178 202
490 13 416 436
491 15 209 259
492 15 212 245
493 17 11 45
494 15 277 317
495 12 2 30
496 13 466 495
497 15 42 73
498 17 432 445
499 15 476 493
500 17 236 264
501 14 469 509
502 13 437 478
503 11 376 424
504 10 134 176
505 19 374 399
506 19 190 216
507 20 27 61
508 13 112 157
509 17 210 239
510 11 112 150
511 11 430 456
512 14 382 411
513 10 470 520
514 10 246 279
515 18 133 162
516 14 233 277
517 15 7 32
518 18 189 201
519 16 427 476
520 12 68 92
521 11 377 397
522 12 60 100
523 14 268 295
524 17 413 451
525 12 179 208
526 18 31 71
527 16 408 453
528 19 442 479
529 12 171 205
530 15 391 420
531 19 375 423
532 15 401 445
533 13 447 485
534 12 459 491
535 18 179 216
536 14 94 125
537 17 27 77
538 15 394 440
539 13 7 51
540 19 35 81
541 14 453 487
542 19 472 494
543 10 390 400
544 11 435 453
545 12 470 518
546 18 461 487
547 10 364 396
548 16 431 441
549 14 473 514
550 16 461 493
551 12 156 180
552 14 393 427
553 12 87 134
554 15 464 477
555 17 230 262
556 11 396 429
557 16 394 413
558 17 431 451
559 15 233 260
560 16 29 67
561 19 61 99
562 13 157 178
563 17 253 288
564 10 412 435
565 12 66 94
566 20 406 423
567 12 196 206
568 12 2 49
569 20 475 500
570 20 196 217
571 16 461 507
572 15 65 114
573 12 404 435
574 19 389 405
575 18 402 445
576 10 170 202
577 13 267 295
578 16 392 415
579 12 440 466
580 13 83 96
581 15 79 128
582 20 404 443
583 14 366 384
584 19 397 424
585 16 188 215
586 13 29 63
587 19 152 172
588 19 238 248
589 12 362 410
590 12 28 46
591 12 445 466
592 13 412 424
593 19 442 486
594 12 440 456
595 20 162 189
596 16 19 33
597 19 113 156
598 15 364 398
599 20 473 505
600 16 412 446
601 15 462 511
602 20 370 389
603 17 277 316
604 19 391 412
605 20 94 123
606 18 374 411
607 14 276 288
608 20 215 254
609 18 391 422
610 12 118 128
611 12 70 117
612 11 228 252
613 14 141 158
614 19 67 105
615 12 423 451
616 18 428 478
617 10 469 484
618 19 440 459
619 16 129 154
620 10 411 451
621 19 382 408
622 16 398 413
623 20 430 454
624 12 206 223
625 20 128 162
626 13 430 450
627 20 451 466
628 19 372 413
629 12 383 419
630 17 1 26
631 15 410 448
632 13 38 62
633 16 406 430
634 15 241 282
635 10 391 438
636 11 376 426
637 13 56 91
638 11 120 131
639 17 215 260
640 20 395 405
641 13 47 70
642 20 27 64
643 20 461 471
644 11 279 319
645 10 399 443
646 12 78 109
647 17 195 219
648 10 131 156
649 10 164 194
650 20 232 275
651 18 212 261
652 15 35 47
653 15 207 234
654 20 451 473
655 15 13 55
656 10 457 487
657 11 397 435
658 13 420 454
659 12 101 146
660 14 369 406
661 13 403 438
662 11 379 398
663 11 164 202
664 10 415 460
665 12 175 225
666 13 419 438
667 14 415 458
668 14 417 448
669 12 208 229
670 12 370 407
671 11 385 403
672 10 468 495
673 12 179 190
674 11 263 289
675 10 86 115
676 13 438 458
677 14 442 481
678 10 176 208
679 14 37 83
680 18 135 149
681 16 419 439
682 11 435 479
683 10 191 226
684 17 124 138
685 14 409 432
686 17 471 517
687 13 71 83
688 19 48 86
689 20 410 429
690 20 248 266
691 13 412 424
692 18 398 445
693 17 219 268
694 19 470 514
695 17 244 258
696 12 121 131
697 11 164 176
698 20 112 130
699 15 139 174
700 14 442 471
701 10 392 437
702 14 402 421
703 10 58 92
704 11 70 114
705 14 447 487
706 17 470 488
707 13 363 383
708 19 194 228
709 17 363 380
710 12 223 263
711 17 403 430
712 18 63 103
713 13 9 51
714 12 399 449
715 10 385 403
716 11 179 199
717 20 71 93
718 11 408 451
719 10 211 261
720 20 446 485
721 20 425 451
722 12 432 471
723 11 177 217
724 13 444 459
725 15 113 149
726 10 222 237
727 18 193 235
728 14 477 487
729 18 251 287
730 19 416 440
731 18 436 459
732 19 76 87
733 12 178 191
734 15 102 115
735 14 478 506
736 14 58 99
737 16 479 511
738 20 183 230
739 13 19 45
740 10 424 435
741 19 147 174
742 14 81 123
743 18 450 464
744 16 59 88
745 16 433 443
746 10 122 135
747 10 111 157
748 11 445 491
749 16 183 220
750 14 30 47
751 15 365 387
752 12 432 457
753 16 12 22
754 10 448 494
755 10 476 494
756 17 236 261
757 15 27 72
758 19 453 482
759 14 253 266
760 16 44 72
761 16 9 48
762 14 71 94
763 20 19 49
764 16 470 516
765 18 391 428
766 12 374 384
767 20 426 447
768 19 196 216
769 15 401 449
770 10 24 67
771 18 39 61
772 18 429 453
773 16 88 126
774 12 22 68
775 11 86 105
776 16 398 422
777 11 423 461
778 11 441 471
779 19 20 47
780 15 55 72
781 13 101 135
782 20 396 413
783 20 457 497
784 17 192 233
785 20 64 93
786 10 238 283
787 11 90 128
788 16 390 406
789 15 107 134
790 18 130 162
791 10 452 496
792 19 429 452
793 19 448 463
794 14 139 184
795 18 387 417
796 11 434 445
797 17 380 416
798 19 366 376
799 17 441 489
800 17 402 430
801 13 436 478
802 20 159 174
803 19 108 157
804 12 385 398
805 18 193 239
806 13 418 441
807 16 39 76
808 16 126 168
809 12 43 55
810 11 416 466
811 12 253 275
812 19 400 427
813 11 29 67
814 10 389 434
815 17 215 246
816 10 471 508
817 11 9 39
818 12 464 505
819 14 12 49
820 19 60 98
821 18 74 123
822 12 2 34
823 17 369 402
824 11 279 312
825 14 272 282
826 19 471 507
827 16 108 150
828 15 362 393
829 13 424 460
830 11 408 420
831 12 52 86
832 14 397 409
833 11 454 496
834 19 476 519
835 14 106 136
836 16 178 214
837 14 362 381
838 11 439 465
839 16 442 476
840 10 411 456
841 20 200 241
842 15 458 497
843 17 439 469
844 19 270 294
845 16 255 289
846 20 399 435
847 10 360 379
848 18 245 285
849 14 53 86
850 11 231 261
851 12 119 169
852 10 438 461
853 16 271 300
854 16 414 460
855 20 409 455
856 19 181 196
857 18 280 322
858 18 156 197
859 19 406 420
860 14 448 480
861 12 454 468
862 15 398 422
863 13 389 400
864 16 195 239
865 13 171 205
866 12 475 489
867 12 274 291
868 16 219 229
869 13 215 229
870 20 279 315
871 14 476 520
872 16 14 45
873 14 434 471
874 10 191 228
875 18 136 167
876 18 409 430
877 10 380 405
878 18 228 263
879 19 59 101
880 10 229 257
881 15 452 493
882 11 110 138
883 11 144 170
884 12 73 121
885 13 182 219
886 15 190 214
887 16 473 513
888 10 388 423
889 15 145 179
890 18 445 471
891 12 272 308
892 18 475 501
893 16 224 260
894 10 438 453
895 18 192 234
896 15 412 450
897 10 114 139
898 15 142 180
899 11 91 129
900 13 445 465
901 19 254 295
902 18 123 140
903 13 431 442
904 20 439 489
905 14 31 64
906 16 367 391
907 19 455 494
908 13 226 246
909 19 455 480
910 11 99 134
911 14 436 469
912 19 1 44
913 10 122 143
914 17 104 154
915 20 469 511
916 18 459 469
917 17 391 423
918 15 442 460
919 12 275 305
920 20 376 404
921 18 169 182
922 10 472 499
923 20 402 424
924 14 24 58
925 13 84 116
926 11 11 36
927 16 446 457
928 17 398 426
929 12 234 256
930 11 236 247
931 14 387 397
932 18 183 233
933 16 112 134
934 17 432 449
935 16 87 99
936 12 381 395
937 10 60 86
938 10 65 102
939 12 234 249
940 10 443 454
941 15 429 458
942 11 447 482
943 16 417 438
944 17 391 407
945 20 145 158
946 20 380 406
947 13 161 175
948 17 376 400
949 10 377 401
950 16 140 151
951 14 109 125
952 11 209 233
953 13 102 115
954 20 266 287
955 14 275 316
956 13 136 170
957 17 96 115
958 10 73 96
959 12 377 406
960 20 361 402
961 17 398 448
962 13 461 506
963 14 449 462
964 13 447 489
965 10 258 289
966 20 390 431
967 11 264 295
968 11 60 75
969 17 5 29
970 10 165 177
971 11 395 429
972 16 413 449
973 14 417 438
974 12 423 460
975 19 165 214
976 18 376 399
977 13 373 391
978 12 407 435
979 15 426 462
980 17 218 259
981 15 365 401
982 20 461 503
983 20 121 142
984 12 407 426
985 17 129 172
986 14 231 260
987 16 94 107
988 19 175 198
989 19 406 416
990 12 397 415
991 11 71 120
992 12 463 506
993 14 410 459
994 16 35 61
995 10 262 296
996 10 130 163
997 15 468 499
998 16 93 126
999 12 410 453
