480
0 0 0 0
1 60 240 300
2 19 43 86
3 20 1 41
4 14 406 427
5 20 21 38
6 17 93 127
7 12 404 451
8 13 384 427
9 17 386 419
10 20 142 160
11 18 25 39
12 18 86 107
13 11 365 402
14 14 12 34
15 13 388 437
16 17 309 339
17 16 306 344
18 17 414 461
19 16 24 71
20 11 322 372
21 19 301 324
22 12 393 435
23 15 331 365
24 17 144 171
25 20 99 137
26 13 94 111
27 13 210 243
28 15 155 173
29 18 167 192
30 10 369 388
31 11 61 99
32 14 2 16
33 15 320 349
34 17 136 175
35 12 163 200
36 11 88 102
37 17 83 113
38 15 368 411
39 12 323 334
40 16 346 367
41 20 335 355
42 17 381 398
43 17 40 54
44 15 400 444
45 13 413 423
46 11 414 453
47 20 170 206
48 15 399 428
49 20 379 393
50 16 318 354
51 16 36 56
52 18 67 103
53 18 37 57
54 20 323 335
55 19 27 69
56 20 320 336
57 17 300 311
58 13 203 242
59 11 362 387
60 18 336 351
61 20 372 420
62 17 103 114
63 10 356 367
64 18 210 240
65 12 176 220
66 17 57 70
67 18 312 343
68 14 104 142
69 15 37 53
70 13 70 108
71 18 321 370
72 15 365 379
73 19 38 71
74 14 215 261
75 13 185 207
76 11 349 381
77 10 78 115
78 14 374 419
79 16 114 136
80 12 342 379
81 11 14 47
82 20 51 80
83 11 357 397
84 17 335 352
85 16 213 254
86 19 179 190
87 14 336 354
88 10 381 413
89 17 42 70
90 18 344 373
91 18 345 391
92 18 14 27
93 16 309 354
94 18 97 133
95 11 117 132
96 13 46 77
97 10 366 381
98 18 341 385
99 12 398 426
100 11 336 371
101 16 400 429
102 13 371 396
103 17 168 178
104 10 7 44
105 19 80 126
106 18 406 437
107 12 168 180
108 18 351 392
109 20 173 221
110 17 322 367
111 10 123 169
112 16 397 438
113 10 338 377
114 12 10 44
115 15 414 430
116 11 100 126
117 17 382 398
118 14 11 41
119 16 174 209
120 20 400 437
121 20 391 407
122 12 345 386
123 15 169 180
124 13 387 413
125 15 2 33
126 11 153 187
127 16 300 343
128 10 36 84
129 11 412 444
130 20 41 87
131 11 346 388
132 20 315 354
133 20 303 340
134 20 121 147
135 17 328 365
136 17 392 408
137 13 413 432
138 17 192 211
139 11 344 380
140 16 318 348
141 12 38 51
142 12 46 73
143 14 347 372
144 15 201 237
145 19 108 126
146 14 356 390
147 17 353 369
148 18 327 369
149 14 39 62
150 10 190 210
151 12 218 251
152 17 407 439
153 15 327 363
154 17 184 199
155 19 305 341
156 19 144 165
157 19 310 335
158 15 326 342
159 15 320 344
160 15 349 392
161 11 342 363
162 17 83 106
163 14 366 404
164 13 13 51
165 12 356 381
166 16 397 414
167 12 358 407
168 14 336 364
169 10 340 351
170 16 419 440
171 15 375 386
172 19 311 342
173 14 381 427
174 18 310 360
175 14 203 217
176 17 343 386
177 11 330 346
178 18 416 433
179 11 134 183
180 12 131 171
181 13 12 43
182 11 398 417
183 16 74 86
184 15 142 170
185 13 157 176
186 20 356 384
187 15 13 45
188 17 375 406
189 12 310 325
190 10 409 421
191 10 353 370
192 19 344 362
193 15 373 413
194 17 171 217
195 12 341 389
196 13 91 115
197 13 217 254
198 16 139 163
199 12 380 409
200 15 186 233
201 18 38 62
202 13 374 398
203 14 312 343
204 10 132 157
205 12 198 243
206 17 341 367
207 11 381 419
208 12 91 103
209 17 306 328
210 18 347 360
211 15 398 448
212 14 398 423
213 15 65 79
214 18 198 223
215 13 12 35
216 19 378 416
217 20 141 177
218 20 337 361
219 12 311 352
220 19 9 44
221 15 310 337
222 14 356 368
223 17 189 215
224 18 197 212
225 17 121 132
226 13 337 375
227 19 145 157
228 18 391 418
229 18 372 413
230 10 364 409
231 15 175 199
232 10 29 52
233 13 67 96
234 16 53 77
235 13 327 376
236 20 408 423
237 18 84 113
238 12 353 380
239 13 56 104
240 19 365 409
241 10 391 427
242 13 358 406
243 19 328 365
244 13 357 372
245 11 210 221
246 14 417 464
247 12 320 344
248 19 411 425
249 18 325 366
250 19 378 398
251 19 405 433
252 18 173 188
253 11 13 43
254 12 414 424
255 17 129 145
256 10 191 201
257 17 352 368
258 13 100 142
259 11 309 359
260 13 172 187
261 15 384 426
262 20 109 126
263 13 45 81
264 11 156 181
265 20 56 101
266 19 42 80
267 20 388 409
268 13 361 373
269 11 393 425
270 16 304 352
271 14 388 427
272 12 416 453
273 17 375 421
274 19 386 407
275 19 89 134
276 19 117 133
277 14 316 364
278 12 41 53
279 15 367 407
280 18 208 221
281 10 301 342
282 15 416 461
283 12 73 93
284 19 408 436
285 14 352 376
286 12 408 424
287 19 85 99
288 15 416 438
289 11 325 365
290 14 337 386
291 18 370 416
292 15 334 381
293 17 127 142
294 13 186 207
295 15 24 69
296 13 362 399
297 19 103 127
298 15 338 365
299 12 405 425
300 19 132 169
301 17 400 429
302 12 388 403
303 10 318 328
304 17 97 130
305 13 416 444
306 17 35 57
307 17 302 342
308 17 336 360
309 20 133 161
310 10 72 100
311 11 150 167
312 11 100 143
313 16 136 163
314 18 163 194
315 11 220 247
316 16 414 463
317 11 218 243
318 10 386 404
319 15 346 382
320 17 187 229
321 17 1 25
322 17 418 429
323 17 343 385
324 14 356 397
325 13 341 377
326 18 395 405
327 20 314 344
328 11 344 356
329 14 351 395
330 10 358 379
331 10 122 133
332 13 65 114
333 14 399 410
334 15 318 342
335 19 99 129
336 20 83 106
337 17 341 367
338 19 135 156
339 12 410 448
340 10 306 352
341 10 193 214
342 19 87 116
343 14 320 352
344 15 139 185
345 17 315 354
346 10 380 420
347 19 4 22
348 17 368 418
349 20 348 382
350 13 32 79
351 12 365 390
352 12 403 438
353 16 380 400
354 15 330 343
355 15 48 63
356 12 59 95
357 12 125 141
358 20 345 364
359 13 302 336
360 19 300 310
361 15 130 142
362 11 125 145
363 17 114 126
364 14 363 381
365 20 50 83
366 16 3 53
367 15 158 205
368 13 365 382
369 12 101 137
370 15 108 145
371 20 321 349
372 11 179 207
373 18 5 53
374 16 353 391
375 12 364 387
376 11 148 164
377 20 118 164
378 19 395 440
379 15 320 330
380 19 45 64
381 19 61 109
382 17 193 243
383 10 153 169
384 16 349 380
385 12 386 409
386 17 389 429
387 13 398 443
388 15 374 391
389 18 399 448
390 11 372 418
391 13 122 138
392 15 319 359
393 14 372 405
394 13 150 198
395 19 343 386
396 13 99 143
397 13 333 354
398 11 317 358
399 12 392 412
400 10 370 396
401 20 96 128
402 17 40 63
403 10 132 177
404 10 139 188
405 14 151 180
406 10 135 179
407 17 25 72
408 18 410 435
409 10 368 390
410 14 216 260
411 12 376 413
412 17 174 203
413 17 344 354
414 14 181 203
415 12 415 452
416 14 138 180
417 13 8 43
418 18 348 371
419 14 308 334
420 12 32 47
421 18 300 334
422 14 158 176
423 15 312 348
424 12 409 437
425 17 404 435
426 16 386 413
427 18 10 46
428 11 66 107
429 20 383 420
430 10 112 136
431 14 203 241
432 13 71 94
433 16 101 120
434 12 341 361
435 12 202 252
436 18 74 89
437 13 205 255
438 15 312 334
439 18 78 110
440 10 361 409
441 13 80 124
442 10 393 405
443 10 329 342
444 19 305 351
445 17 197 217
446 11 178 193
447 16 384 416
448 13 109 147
449 17 66 116
450 14 409 457
451 20 4 40
452 14 357 392
453 12 374 394
454 12 393 436
455 13 331 361
456 12 344 375
457 10 44 62
458 12 118 159
459 13 11 36
460 13 379 401
461 15 392 428
462 17 4 29
463 17 172 188
464 20 84 104
465 16 392 439
466 10 15 39
467 10 71 111
468 10 188 201
469 11 354 393
470 12 163 207
471 17 395 438
472 16 420 440
473 19 199 219
474 20 89 126
475 10 111 146
476 12 17 52
477 19 81 103
478 12 161 211
479 10 219 233
480 20 420 432
481 20 50 81
482 20 303 346
483 12 56 73
484 10 74 86
485 11 80 107
486 14 191 218
487 20 403 435
488 12 322 334
489 18 88 105
490 15 371 401
491 15 410 441
492 14 317 347
493 14 381 395
494 12 349 377
495 19 6 53
496 16 391 441
497 10 151 189
498 12 355 402
499 20 317 366
