480
0 0 0 0
1 60 240 300
2 14 61 71
3 18 157 168
4 17 317 328
5 17 85 122
6 18 205 231
7 12 378 403
8 16 4 41
9 17 94 109
10 20 133 173
11 13 315 358
12 12 35 53
13 12 406 434
14 15 347 389
15 14 197 210
16 14 404 430
17 10 208 236
18 16 212 249
19 11 379 402
20 13 209 246
21 16 136 181
22 18 304 344
23 19 74 116
24 19 174 188
25 14 347 391
26 17 413 457
27 18 414 442
28 18 356 400
29 18 322 344
30 16 212 249
31 16 172 200
32 18 327 361
33 10 186 232
34 15 54 95
35 16 394 435
36 15 419 431
37 11 334 368
38 11 347 390
39 14 96 117
40 13 208 244
41 18 73 116
42 12 179 198
43 14 36 74
44 18 301 349
45 11 348 385
46 10 397 435
47 11 143 170
48 20 366 388
49 19 321 357
50 10 372 388
51 20 384 404
52 18 403 440
53 17 312 333
54 19 329 351
55 20 80 92
56 16 330 344
57 20 373 388
58 10 383 421
59 15 300 323
60 11 334 357
61 13 304 327
62 10 382 405
63 12 36 46
64 20 365 392
65 17 77 100
66 15 205 253
67 15 308 323
68 10 198 245
69 20 419 430
70 18 141 176
71 19 364 399
72 18 390 405
73 10 155 196
74 11 399 431
75 12 410 426
76 13 26 38
77 12 374 385
78 17 314 349
79 20 25 57
80 20 387 399
81 14 211 247
82 11 170 203
83 20 420 459
84 11 80 110
85 19 220 245
86 10 28 43
87 18 325 357
88 11 67 78
89 10 324 350
90 13 311 327
91 11 186 208
92 14 213 250
93 10 394 437
94 17 0 26
95 19 197 230
96 19 38 54
97 11 10 39
98 11 31 72
99 16 5 52
100 18 365 397
101 14 25 41
102 16 417 443
103 17 205 247
104 13 402 421
105 10 314 325
106 10 118 167
107 13 392 429
108 14 119 169
109 18 349 389
110 10 210 240
111 17 79 126
112 19 390 424
113 18 323 359
114 17 167 205
115 13 352 386
116 20 303 349
117 11 373 408
118 16 341 378
119 17 376 417
120 20 175 193
121 12 50 98
122 13 153 169
123 17 362 397
124 15 415 463
125 11 414 452
126 15 328 344
127 20 362 392
128 15 313 331
129 12 90 122
130 13 361 382
131 16 41 53
132 19 154 167
133 13 325 340
134 18 318 344
135 16 358 405
136 14 371 388
137 18 333 368
138 19 322 347
139 19 358 372
140 17 304 353
141 20 47 93
142 13 149 171
143 17 400 416
144 17 337 362
145 11 148 180
146 17 316 334
147 19 393 416
148 15 339 380
149 16 406 448
150 16 311 345
151 13 102 141
152 14 93 143
153 13 340 359
154 10 179 225
155 16 302 337
156 18 365 407
157 20 140 178
158 16 10 40
159 17 26 72
160 13 345 368
161 15 129 175
162 12 8 22
163 11 147 192
164 16 21 68
165 20 193 233
166 15 29 63
167 19 367 388
168 19 56 96
169 13 85 110
170 14 125 162
171 14 368 386
172 14 309 330
173 10 407 426
174 18 110 139
175 13 330 368
176 19 375 413
177 11 11 27
178 15 331 368
179 15 208 244
180 18 315 358
181 11 11 42
182 19 134 151
183 11 156 173
184 10 378 390
185 13 116 131
186 18 358 405
187 12 186 232
188 19 381 392
189 13 102 144
190 12 62 106
191 18 305 337
192 15 65 101
193 12 95 125
194 15 373 402
195 13 371 391
196 12 120 134
197 16 219 263
198 11 214 241
199 13 94 138
