540
0 0 0 0
1 60 300 360
2 18 383 413
3 11 408 449
4 11 456 490
5 20 472 500
6 16 106 139
7 16 400 436
8 15 61 102
9 15 455 486
10 10 380 406
11 10 448 465
12 15 86 106
13 15 361 398
14 19 227 263
15 20 427 476
16 19 473 498
17 15 451 499
18 12 439 463
19 14 366 410
20 15 113 130
21 10 470 489
22 17 429 449
23 20 149 180
24 12 424 446
25 19 8 20
26 14 202 250
27 16 423 434
28 18 477 507
29 16 421 436
30 15 93 120
31 11 425 471
32 19 160 210
33 18 46 67
34 15 366 389
35 14 363 392
36 11 403 427
37 16 152 176
38 18 446 460
39 19 466 483
40 15 390 421
41 13 185 222
42 11 196 236
43 11 427 472
44 12 137 172
45 16 410 434
46 17 237 271
47 19 465 497
48 19 394 441
49 14 76 90
