540
0 0 0 0
1 60 300 360
2 14 72 103
3 18 185 216
4 17 380 412
5 17 101 171
6 18 243 296
7 12 451 503
8 16 5 75
9 17 112 150
10 20 157 232
11 13 378 458
12 12 41 83
13 12 483 539
14 15 414 492
15 14 233 268
16 14 481 536
17 10 246 303
18 16 251 321
19 11 452 501
20 13 247 317
21 16 161 243
22 18 365 440
23 19 88 165
24 19 206 242
25 14 415 496
26 17 491 572
27 18 493 549
28 18 425 505
29 18 386 434
30 16 251 322
31 16 203 260
32 18 392 458
33 10 220 304
34 15 64 140
35 16 469 546
36 15 498 531
37 11 400 465
38 11 415 494
39 14 114 160
40 13 246 315
41 18 86 165
42 12 211 254
43 14 43 114
44 18 361 448
45 11 416 486
46 10 473 545
47 11 168 224
48 20 437 485
49 19 384 452
50 10 444 483
51 20 458 503
52 18 480 550
53 17 374 421
54 19 394 441
55 20 95 128
56 16 396 433
57 20 445 483
58 10 457 530
59 15 360 410
60 11 400 450
61 13 365 415
62 10 456 506
63 12 43 73
64 20 436 492
65 17 91 141
66 15 243 330
67 15 369 407
68 10 234 320
69 20 498 530
70 18 166 234
71 19 434 501
72 18 465 503
73 10 183 259
74 11 475 538
75 12 489 529
76 13 31 64
77 12 446 477
78 17 377 444
79 20 30 94
80 20 461 494
81 14 250 320
82 11 201 265
83 20 500 573
84 11 94 154
85 19 260 312
86 10 33 71
87 18 389 453
88 11 79 111
89 10 388 443
90 13 372 412
91 11 220 268
92 14 251 321
93 10 470 549
94 17 0 54
95 19 233 297
96 19 45 85
97 11 12 71
98 11 36 112
99 16 6 91
100 18 436 499
101 14 30 70
102 16 496 550
103 17 242 321
104 13 479 523
105 10 377 409
106 10 139 227
107 13 467 537
108 14 141 231
109 18 418 493
110 10 248 307
111 17 93 179
112 19 465 531
113 18 387 456
114 17 197 269
115 13 420 486
116 20 364 448
117 11 446 513
118 16 408 478
119 17 449 525
120 20 207 249
121 12 59 145
122 13 180 219
123 17 432 499
124 15 494 581
125 11 492 564
126 15 393 431
127 20 432 492
128 15 375 417
129 12 107 170
130 13 431 478
131 16 49 83
132 19 182 217
133 13 389 427
134 18 381 436
135 16 427 512
136 14 443 483
137 18 398 465
138 19 386 439
139 19 428 464
140 17 365 454
141 20 56 139
142 13 176 225
143 17 476 515
144 17 404 456
145 11 175 238
146 17 379 421
147 19 468 518
148 15 405 482
149 16 484 563
150 16 373 439
151 13 121 194
152 14 110 199
153 13 407 450
154 10 212 296
155 16 363 431
156 18 436 514
157 20 166 237
158 16 12 72
159 17 30 114
160 13 412 461
161 15 152 236
162 12 10 46
163 11 173 255
164 16 25 110
165 20 229 304
166 15 34 100
167 19 438 484
168 19 66 141
169 13 101 154
170 14 148 219
171 14 439 482
172 14 371 417
173 10 485 528
174 18 130 188
175 13 395 467
176 19 447 518
177 11 13 52
178 15 396 466
179 15 246 315
180 18 377 457
181 11 13 74
182 19 158 199
183 11 185 225
184 10 450 483
185 13 137 175
186 18 427 512
187 12 220 304
188 19 455 487
189 13 121 199
190 12 73 154
191 18 366 430
192 15 77 146
193 12 113 174
194 15 445 504
195 13 443 488
196 12 142 179
197 16 258 338
198 11 253 308
199 13 111 192
