480
0 0 0 0
1 60 240 300
2 19 44 87
3 20 1 41
4 14 408 429
5 20 21 38
6 17 94 128
7 12 407 454
8 13 386 429
9 17 388 421
10 20 144 162
11 18 26 40
12 18 87 108
13 11 366 403
14 14 12 34
15 13 390 439
16 17 309 339
17 16 306 344
18 17 417 464
19 16 24 71
20 11 323 373
21 19 302 325
22 12 395 437
23 15 331 365
24 17 146 173
25 20 100 138
26 13 95 112
27 13 213 246
28 15 157 175
29 18 169 194
30 10 371 390
31 11 62 100
32 14 2 16
33 15 320 349
34 17 138 177
35 12 166 203
36 11 89 103
37 17 85 115
38 15 370 413
39 12 324 335
40 16 347 368
41 20 336 356
42 17 383 400
43 17 41 55
44 15 402 446
45 13 415 425
46 11 417 456
47 20 173 209
48 15 402 431
49 20 381 395
50 16 319 355
51 16 36 56
52 18 68 104
53 18 37 57
54 20 324 336
55 19 27 69
56 20 320 336
57 17 300 311
58 13 206 245
59 11 363 388
60 18 337 352
61 20 374 422
62 17 105 116
63 10 358 369
64 18 213 243
65 12 179 223
66 17 58 71
67 18 312 343
68 14 106 144
69 15 38 54
70 13 71 109
71 18 322 371
72 15 366 380
73 19 38 71
74 14 218 264
75 13 188 210
76 11 350 382
77 10 79 116
78 14 376 421
79 16 115 137
80 12 343 380
81 11 14 47
82 20 52 81
83 11 358 398
84 17 336 353
85 16 216 257
86 19 182 193
87 14 337 355
88 10 383 415
89 17 43 71
90 18 345 374
91 18 347 393
92 18 14 27
93 16 309 354
94 18 98 134
95 11 118 133
96 13 47 78
97 10 368 383
98 18 342 386
99 12 400 428
100 11 337 372
101 16 402 431
102 13 373 398
103 17 171 181
104 10 8 45
105 19 81 127
106 18 408 439
107 12 170 182
108 18 352 393
109 20 175 223
110 17 323 368
111 10 125 171
112 16 400 441
113 10 339 378
114 12 10 44
115 15 417 433
116 11 101 127
117 17 384 400
118 14 12 42
119 16 177 212
120 20 402 439
121 20 394 410
122 12 346 387
123 15 172 183
124 13 389 415
125 15 2 33
126 11 155 189
127 16 300 343
128 10 36 84
129 11 414 446
130 20 41 87
131 11 347 389
132 20 316 355
133 20 303 340
134 20 123 149
135 17 329 366
136 17 394 410
137 13 416 435
138 17 194 213
139 11 345 381
140 16 319 349
141 12 39 52
142 12 46 73
143 14 348 373
144 15 204 240
145 19 110 128
146 14 357 391
147 17 354 370
148 18 328 370
149 14 40 63
150 10 192 212
151 12 221 254
152 17 410 442
153 15 327 363
154 17 186 201
155 19 305 341
156 19 146 167
157 19 310 335
158 15 327 343
159 15 321 345
160 15 350 393
161 11 343 364
162 17 84 107
163 14 367 405
164 13 13 51
165 12 357 382
166 16 400 417
167 12 360 409
168 14 337 365
169 10 341 352
170 16 422 443
171 15 377 388
172 19 312 343
173 14 383 429
174 18 311 361
175 14 205 219
176 17 344 387
177 11 331 347
178 18 419 436
179 11 136 185
180 12 133 173
181 13 12 43
182 11 400 419
183 16 75 87
184 15 144 172
185 13 159 178
186 20 358 386
187 15 13 45
188 17 377 408
189 12 310 325
190 10 411 423
191 10 354 371
192 19 345 363
193 15 375 415
194 17 173 219
195 12 342 390
196 13 92 116
197 13 220 257
198 16 140 164
199 12 382 411
200 15 188 235
201 18 38 62
202 13 376 400
203 14 312 343
204 10 134 159
205 12 201 246
206 17 342 368
207 11 383 421
208 12 93 105
209 17 306 328
210 18 348 361
211 15 400 450
212 14 400 425
213 15 66 80
214 18 201 226
215 13 12 35
216 19 380 418
217 20 143 179
218 20 338 362
219 12 311 352
220 19 9 44
221 15 311 338
222 14 357 369
223 17 191 217
224 18 200 215
225 17 122 133
226 13 338 376
227 19 147 159
228 18 393 420
229 18 373 414
230 10 365 410
231 15 177 201
232 10 30 53
233 13 68 97
234 16 54 78
235 13 328 377
236 20 411 426
237 18 85 114
238 12 354 381
239 13 56 104
240 19 367 411
241 10 393 429
242 13 360 408
243 19 328 365
244 13 358 373
245 11 213 224
246 14 420 467
247 12 320 344
248 19 413 427
249 18 325 366
250 19 379 399
251 19 407 435
252 18 175 190
253 11 13 43
254 12 416 426
255 17 131 147
256 10 194 204
257 17 353 369
258 13 101 143
259 11 309 359
260 13 175 190
261 15 387 429
262 20 110 127
263 13 45 81
264 11 159 184
265 20 56 101
266 19 42 80
267 20 391 412
268 13 362 374
269 11 395 427
270 16 304 352
271 14 390 429
272 12 419 456
273 17 377 423
274 19 388 409
275 19 91 136
276 19 118 134
277 14 317 365
278 12 42 54
279 15 369 409
280 18 211 224
281 10 301 342
282 15 419 464
283 12 74 94
284 19 410 438
285 14 353 377
286 12 411 427
287 19 86 100
288 15 419 441
289 11 326 366
290 14 338 387
291 18 371 417
292 15 335 382
293 17 129 144
294 13 189 210
295 15 24 69
296 13 363 400
297 19 104 128
298 15 339 366
299 12 407 427
300 19 134 171
301 17 403 432
302 12 390 405
303 10 319 329
304 17 98 131
305 13 419 447
306 17 35 57
307 17 302 342
308 17 337 361
309 20 135 163
310 10 73 101
311 11 152 169
312 11 102 145
313 16 138 165
314 18 166 197
315 11 223 250
316 16 417 466
317 11 221 246
318 10 388 406
319 15 347 383
320 17 189 231
321 17 1 25
322 17 421 432
323 17 344 386
324 14 358 399
325 13 342 378
326 18 397 407
327 20 314 344
328 11 345 357
329 14 352 396
330 10 359 380
331 10 123 134
332 13 66 115
333 14 402 413
334 15 319 343
335 19 101 131
336 20 85 108
337 17 342 368
338 19 136 157
339 12 413 451
340 10 306 352
341 10 195 216
342 19 88 117
343 14 320 352
344 15 140 186
345 17 315 354
346 10 382 422
347 19 4 22
348 17 369 419
349 20 350 384
350 13 33 80
351 12 367 392
352 12 405 440
353 16 382 402
354 15 331 344
355 15 48 63
356 12 60 96
357 12 127 143
358 20 346 365
359 13 302 336
360 19 300 310
361 15 132 144
362 11 127 147
363 17 116 128
364 14 364 382
365 20 51 84
366 16 3 53
367 15 160 207
368 13 367 384
369 12 102 138
370 15 109 146
371 20 322 350
372 11 182 210
373 18 5 53
374 16 354 392
375 12 365 388
376 11 150 166
377 20 119 165
378 19 398 443
379 15 321 331
380 19 46 65
381 19 62 110
382 17 196 246
383 10 155 171
384 16 350 381
385 12 388 411
386 17 391 431
387 13 400 445
388 15 375 392
389 18 401 450
390 11 374 420
391 13 124 140
392 15 320 360
393 14 373 406
394 13 152 200
395 19 344 387
396 13 100 144
397 13 334 355
398 11 317 358
399 12 394 414
400 10 371 397
401 20 97 129
402 17 41 64
403 10 134 179
404 10 141 190
405 14 153 182
406 10 137 181
407 17 25 72
408 18 413 438
409 10 369 391
410 14 219 263
411 12 377 414
412 17 176 205
413 17 345 355
414 14 183 205
415 12 418 455
416 14 139 181
417 13 8 43
418 18 350 373
419 14 308 334
420 12 33 48
421 18 300 334
422 14 160 178
423 15 312 348
424 12 412 440
425 17 406 437
426 16 388 415
427 18 10 46
428 11 67 108
429 20 385 422
430 10 113 137
431 14 206 244
432 13 72 95
433 16 102 121
434 12 342 362
435 12 205 255
436 18 75 90
437 13 208 258
438 15 312 334
439 18 79 111
440 10 363 411
441 13 81 125
442 10 396 408
443 10 330 343
444 19 305 351
445 17 200 220
446 11 181 196
447 16 386 418
448 13 111 149
449 17 66 116
450 14 412 460
451 20 5 41
452 14 358 393
453 12 376 396
454 12 396 439
455 13 332 362
456 12 345 376
457 10 45 63
458 12 120 161
459 13 11 36
460 13 381 403
461 15 394 430
462 17 4 29
463 17 174 190
464 20 85 105
465 16 394 441
466 10 15 39
467 10 72 112
468 10 191 204
469 11 355 394
470 12 165 209
471 17 397 440
472 16 423 443
473 19 202 222
474 20 90 127
475 10 112 147
476 12 17 52
477 19 82 104
478 12 163 213
479 10 222 236
480 20 423 435
481 20 51 82
482 20 303 346
483 12 57 74
484 10 75 87
485 11 81 108
486 14 194 221
487 20 406 438
488 12 323 335
489 18 89 106
490 15 373 403
491 15 413 444
492 14 318 348
493 14 383 397
494 12 350 378
495 19 6 53
496 16 393 443
497 10 153 191
498 12 356 403
499 20 318 367
