480
0 0 0 0
1 60 240 300
2 17 118 158
3 16 410 425
4 12 128 178
5 19 409 436
6 19 345 374
7 17 306 352
8 19 196 239
9 19 314 341
10 16 419 449
11 14 102 140
12 15 336 359
13 19 110 124
14 11 132 180
15 19 23 66
16 19 16 40
17 16 116 162
18 17 190 237
19 19 312 346
20 11 141 157
21 14 332 366
22 18 220 269
23 18 128 168
24 17 173 216
25 11 104 148
26 18 408 441
27 18 400 424
28 13 308 351
29 12 16 59
30 17 391 439
31 11 80 95
32 15 175 224
33 10 56 87
34 16 313 337
35 16 417 445
36 17 341 379
37 19 176 186
38 19 388 423
39 16 86 135
40 10 313 327
41 17 224 256
42 13 383 400
43 19 371 391
44 10 341 362
45 16 337 350
46 10 37 60
47 20 122 163
48 13 208 255
49 13 25 41
50 19 102 144
51 15 318 364
52 11 157 186
53 17 17 42
54 10 177 195
55 19 127 157
56 20 119 129
57 19 178 212
58 10 381 416
59 13 142 169
60 20 34 78
61 10 339 356
62 18 67 89
63 17 137 166
64 15 136 155
65 18 90 138
66 16 382 431
67 12 395 418
68 16 354 378
69 20 159 190
70 11 417 465
71 10 424 459
72 11 384 425
73 15 416 460
74 13 112 155
75 16 300 323
76 17 322 335
77 14 396 425
78 11 222 259
79 20 14 43
80 12 21 52
81 19 123 152
82 17 360 396
83 14 25 57
84 13 98 113
85 16 62 89
86 19 414 453
87 14 24 54
88 15 214 237
89 20 339 351
90 16 86 105
91 13 412 448
92 12 408 440
93 17 73 107
94 10 347 366
95 20 415 431
96 12 216 241
97 18 36 73
98 13 155 165
99 11 199 224
100 14 177 192
101 12 339 381
102 14 155 198
103 20 303 343
104 12 59 97
105 12 79 122
106 16 129 153
107 15 330 377
108 15 50 80
109 17 146 171
110 18 311 336
111 14 350 399
112 10 406 452
113 10 309 334
114 18 130 163
115 19 112 142
116 14 58 106
117 14 53 65
118 17 324 373
119 18 360 405
120 11 54 95
121 14 340 378
122 16 57 86
123 15 119 152
124 19 125 168
125 15 398 429
126 16 23 64
127 19 321 351
128 11 79 94
129 12 405 431
130 19 69 94
131 14 344 386
132 16 76 96
133 12 162 199
134 18 375 409
135 12 330 373
136 17 321 340
137 19 30 62
138 15 117 133
139 11 394 443
140 15 39 50
141 10 193 218
142 18 382 395
143 13 365 398
144 15 92 116
145 15 74 89
146 19 329 359
147 14 118 142
148 15 178 205
149 17 349 397
150 10 312 348
151 16 335 359
152 11 392 439
153 17 95 137
154 10 342 381
155 12 392 425
156 12 412 460
157 11 365 392
158 18 35 50
159 17 112 156
160 15 302 314
161 16 387 433
162 13 193 203
163 14 152 186
164 13 416 441
165 16 316 363
166 14 331 349
167 17 14 57
168 11 130 173
169 19 313 359
170 18 12 24
171 16 402 441
172 20 169 184
173 12 323 369
174 15 409 451
175 16 415 440
176 12 352 364
177 16 336 360
178 11 308 350
179 13 315 332
180 16 303 327
181 20 348 391
182 18 300 337
183 16 41 55
184 18 407 444
185 15 346 383
186 13 24 58
187 12 108 129
188 20 15 52
189 12 126 165
190 17 349 363
191 13 390 402
192 11 61 101
193 11 20 53
194 15 366 394
195 19 404 452
196 12 317 328
197 11 317 359
198 18 410 431
199 16 347 386
200 11 354 384
201 12 379 396
202 13 320 361
203 17 375 419
204 14 404 425
205 10 400 424
206 18 418 457
207 19 139 188
208 14 181 196
209 16 9 38
210 18 316 327
211 18 136 160
212 19 175 198
213 15 64 113
214 18 60 85
215 16 65 91
216 15 338 349
217 12 42 85
218 10 130 168
219 10 56 99
220 20 170 183
221 11 198 236
222 11 118 142
223 17 379 424
224 18 350 400
225 14 207 239
226 12 302 347
227 17 384 426
228 11 223 251
229 20 62 89
230 12 185 219
231 19 375 397
232 20 306 337
233 18 359 377
234 18 188 222
235 18 22 62
236 20 60 83
237 18 211 223
238 14 117 167
239 20 385 418
240 17 407 454
241 10 359 392
242 14 139 150
243 10 100 110
244 17 385 423
245 17 72 118
246 18 410 421
247 16 60 80
248 14 98 113
249 16 391 427
250 20 178 228
251 14 97 109
252 14 98 129
253 19 168 208
254 16 129 139
255 20 200 224
256 16 353 398
257 10 34 61
258 10 164 179
259 15 347 396
260 16 131 142
261 15 156 179
262 15 321 331
263 16 17 37
264 11 397 416
265 20 99 109
266 16 347 382
267 12 340 385
268 20 374 411
269 12 17 38
270 12 218 263
271 17 313 330
272 18 80 130
273 13 399 433
274 20 364 374
275 17 181 219
276 19 181 228
277 19 154 196
278 20 423 436
279 20 423 441
280 12 378 401
281 18 403 441
282 14 66 103
283 17 317 346
284 12 69 87
285 14 35 63
286 18 318 363
287 11 58 95
288 15 381 405
289 11 385 427
290 14 51 101
291 16 205 247
292 14 342 354
293 20 19 47
294 17 10 49
295 11 397 446
296 14 362 394
297 11 213 242
298 15 205 228
299 19 406 425
300 17 88 120
301 15 330 375
302 13 409 455
303 16 350 388
304 11 83 128
305 11 33 64
306 20 52 67
307 15 357 376
308 19 304 331
309 14 13 38
310 11 339 359
311 17 370 409
312 20 86 123
313 20 22 60
314 12 325 349
315 13 209 239
316 19 323 353
317 19 412 423
318 16 129 157
319 17 15 33
320 10 390 409
321 13 309 346
322 10 389 422
323 20 10 59
324 16 69 91
325 13 385 403
326 12 63 104
327 18 312 352
328 11 223 251
329 12 35 49
330 15 335 385
331 16 384 428
332 11 195 218
333 13 0 26
334 13 331 360
335 18 313 330
336 15 358 397
337 19 40 89
338 18 416 439
339 11 215 229
340 17 118 155
341 13 373 414
342 15 111 145
343 14 336 385
344 13 378 415
345 13 150 195
346 10 388 410
347 12 37 80
348 18 409 435
349 12 135 180
350 10 360 381
351 14 176 211
352 18 306 348
353 12 340 360
354 18 166 203
355 18 131 175
356 11 6 32
357 13 26 56
358 17 171 204
359 10 301 328
360 10 399 445
361 14 121 171
362 13 301 342
363 14 137 152
364 10 392 405
365 11 220 238
366 20 344 358
367 11 379 399
368 13 319 356
369 11 332 345
370 15 308 321
371 19 65 105
372 19 392 421
373 15 212 242
374 11 173 203
375 16 371 389
376 15 102 122
377 16 32 45
378 14 138 174
379 20 422 449
380 16 41 88
381 20 346 370
382 18 120 157
383 18 122 159
384 17 35 74
385 13 84 132
386 11 401 421
387 17 340 382
388 18 381 391
389 15 328 358
390 16 336 364
391 16 367 402
392 17 198 233
393 16 387 433
394 17 19 69
395 12 336 354
396 19 398 408
397 18 215 229
398 18 354 364
399 11 180 197
400 19 375 424
401 13 140 178
402 16 144 156
403 11 202 214
404 13 367 389
405 12 422 438
406 15 332 376
407 19 84 102
408 19 383 400
409 19 312 354
410 10 350 366
411 18 145 183
412 11 420 466
413 14 394 426
414 14 196 229
415 15 351 381
416 14 386 424
417 17 59 75
418 20 372 422
419 11 337 349
420 13 310 338
421 20 361 378
422 10 74 89
423 19 322 367
424 12 178 227
425 13 185 226
426 11 156 190
427 11 20 60
428 10 377 423
429 12 11 35
430 10 316 327
431 11 100 122
432 11 372 388
433 19 363 375
434 17 401 426
435 12 394 419
436 14 0 45
437 10 78 111
438 15 91 127
439 15 75 111
440 20 304 322
441 20 184 207
442 11 69 90
443 10 125 146
444 14 386 432
445 10 120 147
446 14 408 439
447 10 316 334
448 11 3 41
449 15 59 105
450 19 82 109
451 15 22 42
452 15 175 202
453 14 367 416
454 19 397 427
455 16 91 109
456 14 30 51
457 17 206 219
458 16 75 123
459 17 335 375
460 16 371 410
461 16 336 384
462 18 372 401
463 12 220 262
464 10 187 200
465 10 326 366
466 19 408 446
467 18 218 235
468 15 78 108
469 13 352 364
470 13 374 410
471 18 329 344
472 15 423 465
473 19 115 146
474 20 409 451
475 15 186 215
476 20 106 118
477 12 372 399
478 17 153 193
479 16 335 371
480 13 373 409
481 20 223 267
482 14 398 418
483 13 340 350
484 11 95 107
485 17 210 222
486 18 207 253
487 20 410 448
488 16 333 349
489 15 143 167
490 13 358 378
491 15 167 217
492 15 169 202
493 17 9 43
494 15 222 262
495 12 2 30
496 13 410 439
497 15 34 65
498 17 374 387
499 15 420 437
500 17 189 217
501 14 413 453
502 13 380 421
503 11 317 365
504 10 107 149
505 19 314 339
506 19 152 178
507 20 22 56
508 13 90 135
509 17 168 197
510 11 90 128
511 11 373 399
512 14 323 352
513 10 414 464
514 10 197 230
515 18 107 136
516 14 186 230
517 15 5 30
518 18 151 163
519 16 369 418
520 12 54 78
521 11 318 338
522 12 48 88
523 14 215 242
524 17 355 393
525 12 143 172
526 18 25 65
527 16 349 394
528 19 385 422
529 12 137 171
530 15 332 361
531 19 315 363
532 15 342 386
533 13 389 427
534 12 403 435
535 18 144 181
536 14 75 106
537 17 21 71
538 15 335 381
539 13 6 50
540 19 28 74
541 14 396 430
542 19 416 438
543 10 331 341
544 11 378 396
545 12 414 462
546 18 404 430
547 10 304 336
548 16 373 383
549 14 417 458
550 16 405 437
551 12 125 149
552 14 334 368
553 12 70 117
554 15 408 421
555 17 184 216
556 11 337 370
557 16 335 354
558 17 373 393
559 15 187 214
560 16 23 61
561 19 48 86
562 13 126 147
563 17 202 237
564 10 354 377
565 12 52 80
566 20 347 364
567 12 157 167
568 12 2 49
569 20 419 444
570 20 157 178
571 16 405 451
572 15 52 101
573 12 345 376
574 19 330 346
575 18 343 386
576 10 136 168
577 13 214 242
578 16 333 356
579 12 383 409
580 13 66 79
581 15 63 112
582 20 346 385
583 14 307 325
584 19 338 365
585 16 150 177
586 13 23 57
587 19 121 141
588 19 190 200
589 12 302 350
590 12 23 41
591 12 387 408
592 13 353 365
593 19 385 429
594 12 383 399
595 20 129 156
596 16 15 29
597 19 90 133
598 15 304 338
599 20 417 449
600 16 354 388
601 15 405 454
602 20 311 330
603 17 222 261
604 19 332 353
605 20 75 104
606 18 314 351
607 14 221 233
608 20 172 211
609 18 332 363
610 12 94 104
611 12 56 103
612 11 182 206
613 14 113 130
614 19 54 92
615 12 365 393
616 18 370 420
617 10 412 427
618 19 383 402
619 16 103 128
620 10 353 393
621 19 322 348
622 16 339 354
623 20 373 397
624 12 165 182
625 20 103 137
626 13 372 392
627 20 394 409
628 19 313 354
629 12 324 360
630 17 0 25
631 15 352 390
632 13 30 54
633 16 347 371
634 15 193 234
635 10 332 379
636 11 317 367
637 13 45 80
638 11 96 107
639 17 172 217
640 20 336 346
641 13 37 60
642 20 22 59
643 20 404 414
644 11 223 263
645 10 340 384
646 12 62 93
647 17 156 180
648 10 105 130
649 10 131 161
650 20 186 229
651 18 170 219
652 15 28 40
653 15 165 192
654 20 394 416
655 15 11 53
656 10 400 430
657 11 338 376
658 13 362 396
659 12 80 125
660 14 309 346
661 13 344 379
662 11 319 338
663 11 131 169
664 10 357 402
665 12 140 190
666 13 361 380
667 14 357 400
668 14 359 390
669 12 166 187
670 12 311 348
671 11 326 344
672 10 412 439
673 12 143 154
674 11 211 237
675 10 69 98
676 13 381 401
677 14 384 423
678 10 141 173
679 14 30 76
680 18 108 122
681 16 361 381
682 11 378 422
683 10 153 188
684 17 99 113
685 14 351 374
686 17 415 461
687 13 57 69
688 19 39 77
689 20 352 371
690 20 199 217
691 13 354 366
692 18 339 386
693 17 175 224
694 19 414 458
695 17 195 209
696 12 97 107
697 11 131 143
698 20 90 108
699 15 111 146
700 14 385 414
701 10 333 378
702 14 344 363
703 10 46 80
704 11 56 100
705 14 390 430
706 17 414 432
707 13 303 323
708 19 155 189
709 17 303 320
710 12 179 219
711 17 344 371
712 18 50 90
713 13 7 49
714 12 340 390
715 10 325 343
716 11 144 164
717 20 56 78
718 11 350 393
719 10 169 219
720 20 389 428
721 20 367 393
722 12 374 413
723 11 142 182
724 13 387 402
725 15 90 126
726 10 178 193
727 18 154 196
728 14 421 431
729 18 201 237
730 19 358 382
731 18 378 401
732 19 61 72
733 12 142 155
734 15 81 94
735 14 422 450
736 14 46 87
737 16 423 455
738 20 147 194
739 13 15 41
740 10 366 377
741 19 118 145
742 14 65 107
743 18 393 407
744 16 48 77
745 16 375 385
746 10 97 110
747 10 89 135
748 11 387 433
749 16 147 184
750 14 24 41
751 15 305 327
752 12 374 399
753 16 10 20
754 10 391 437
755 10 420 438
756 17 188 213
757 15 22 67
758 19 396 425
759 14 203 216
760 16 35 63
761 16 7 46
762 14 57 80
763 20 15 45
764 16 414 460
765 18 332 369
766 12 314 324
767 20 368 389
768 19 157 177
769 15 343 391
770 10 19 62
771 18 31 53
772 18 372 396
773 16 71 109
774 12 17 63
775 11 69 88
776 16 340 364
777 11 365 403
778 11 384 414
779 19 16 43
780 15 44 61
781 13 81 115
782 20 337 354
783 20 400 440
784 17 154 195
785 20 51 80
786 10 191 236
787 11 72 110
788 16 331 347
789 15 85 112
790 18 104 136
791 10 395 439
792 19 371 394
793 19 391 406
794 14 112 157
795 18 328 358
796 11 376 387
797 17 321 357
798 19 306 316
799 17 384 432
800 17 343 371
801 13 378 420
802 20 127 142
803 19 86 135
804 12 326 339
805 18 154 200
806 13 360 383
807 16 31 68
808 16 101 143
809 12 34 46
810 11 358 408
811 12 203 225
812 19 342 369
813 11 23 61
814 10 330 375
815 17 172 203
816 10 415 452
817 11 7 37
818 12 408 449
819 14 10 47
820 19 48 86
821 18 59 108
822 12 1 33
823 17 309 342
824 11 223 256
825 14 218 228
826 19 415 451
827 16 87 129
828 15 302 333
829 13 366 402
830 11 349 361
831 12 41 75
832 14 339 351
833 11 397 439
834 19 419 462
835 14 85 115
836 16 143 179
837 14 303 322
838 11 382 408
839 16 385 419
840 10 353 398
841 20 160 201
842 15 401 440
843 17 381 411
844 19 216 240
845 16 204 238
846 20 340 376
847 10 300 319
848 18 196 236
849 14 42 75
850 11 185 215
851 12 95 145
852 10 380 403
853 16 217 246
854 16 356 402
855 20 351 397
856 19 145 160
857 18 224 266
858 18 125 166
859 19 348 362
860 14 391 423
861 12 397 411
862 15 340 364
863 13 330 341
864 16 156 200
865 13 137 171
866 12 419 433
867 12 219 236
868 16 176 186
869 13 172 186
870 20 223 259
871 14 420 464
872 16 11 42
873 14 376 413
874 10 153 190
875 18 109 140
876 18 351 372
877 10 321 346
878 18 182 217
879 19 47 89
880 10 183 211
881 15 395 436
882 11 88 116
883 11 115 141
884 12 58 106
885 13 146 183
886 15 152 176
887 16 417 457
888 10 329 364
889 15 116 150
890 18 388 414
891 12 218 254
892 18 419 445
893 16 180 216
894 10 380 395
895 18 154 196
896 15 353 391
897 10 91 116
898 15 113 151
899 11 73 111
900 13 388 408
901 19 203 244
902 18 98 115
903 13 374 385
904 20 382 432
905 14 25 58
906 16 307 331
907 19 398 437
908 13 181 201
909 19 398 423
910 11 79 114
911 14 378 411
912 19 1 44
913 10 97 118
914 17 83 133
915 20 412 454
916 18 403 413
917 17 332 364
918 15 385 403
919 12 220 250
920 20 317 345
921 18 135 148
922 10 416 443
923 20 344 366
924 14 19 53
925 13 67 99
926 11 9 34
927 16 389 400
928 17 340 368
929 12 187 209
930 11 189 200
931 14 328 338
932 18 147 197
933 16 90 112
934 17 374 391
935 16 70 82
936 12 322 336
937 10 48 74
938 10 52 89
939 12 187 202
940 10 386 397
941 15 372 401
942 11 390 425
943 16 359 380
944 17 333 349
945 20 116 129
946 20 320 346
947 13 129 143
948 17 316 340
949 10 318 342
950 16 112 123
951 14 87 103
952 11 167 191
953 13 82 95
954 20 213 234
955 14 220 261
956 13 109 143
957 17 77 96
958 10 58 81
959 12 318 347
960 20 301 342
961 17 339 389
962 13 404 449
963 14 392 405
964 13 390 432
965 10 207 238
966 20 331 372
967 11 211 242
968 11 48 63
969 17 4 28
970 10 132 144
971 11 336 370
972 16 355 391
973 14 359 380
974 12 365 402
975 19 132 181
976 18 317 340
977 13 314 332
978 12 349 377
979 15 368 404
980 17 175 216
981 15 305 341
982 20 405 447
983 20 97 118
984 12 348 367
985 17 103 146
986 14 185 214
987 16 75 88
988 19 140 163
989 19 348 358
990 12 338 356
991 11 57 106
992 12 407 450
993 14 351 400
994 16 28 54
995 10 209 243
996 10 104 137
997 15 411 442
998 16 74 107
999 12 351 394
