540
0 0 0 0
1 60 300 360
2 19 56 99
3 20 2 42
4 14 468 489
5 20 27 44
6 17 119 153
7 12 467 514
8 13 446 489
9 17 448 481
10 20 183 201
11 18 33 47
12 18 111 132
13 11 426 463
14 14 15 37
15 13 450 499
16 17 369 399
17 16 366 404
18 17 477 524
19 16 31 78
20 11 383 433
21 19 362 385
22 12 455 497
23 15 391 425
24 17 185 212
25 20 127 165
26 13 120 137
27 13 270 303
28 15 199 217
29 18 214 239
30 10 431 450
31 11 79 117
32 14 3 17
33 15 380 409
34 17 175 214
35 12 210 247
36 11 113 127
37 17 107 137
38 15 430 473
39 12 384 395
40 16 407 428
41 20 396 416
42 17 443 460
43 17 52 66
44 15 462 506
45 13 475 485
46 11 477 516
47 20 219 255
48 15 462 491
49 20 441 455
50 16 379 415
51 16 46 66
52 18 86 122
53 18 47 67
54 20 384 396
55 19 34 76
56 20 380 396
57 17 360 371
58 13 262 301
59 11 423 448
60 18 397 412
61 20 434 482
62 17 133 144
63 10 418 429
64 18 270 300
65 12 227 271
66 17 74 87
67 18 372 403
68 14 134 172
69 15 48 64
70 13 90 128
71 18 382 431
72 15 426 440
73 19 49 82
74 14 276 322
75 13 238 260
76 11 410 442
77 10 100 137
78 14 436 481
79 16 146 168
80 12 403 440
81 11 18 51
82 20 66 95
83 11 418 458
84 17 396 413
85 16 274 315
86 19 230 241
87 14 397 415
88 10 443 475
89 17 54 82
90 18 405 434
91 18 407 453
92 18 18 31
93 16 369 414
94 18 125 161
95 11 150 165
96 13 59 90
97 10 428 443
98 18 402 446
99 12 460 488
100 11 397 432
101 16 462 491
102 13 433 458
103 17 216 226
104 10 10 47
105 19 103 149
106 18 468 499
107 12 216 228
108 18 412 453
109 20 222 270
110 17 383 428
111 10 159 205
112 16 460 501
113 10 399 438
114 12 13 47
115 15 477 493
116 11 129 155
117 17 444 460
118 14 15 45
119 16 224 259
120 20 462 499
121 20 454 470
122 12 406 447
123 15 218 229
124 13 449 475
125 15 3 34
126 11 196 230
127 16 360 403
128 10 46 94
129 11 474 506
130 20 52 98
131 11 407 449
132 20 376 415
133 20 363 400
134 20 155 181
135 17 389 426
136 17 454 470
137 13 476 495
138 17 247 266
139 11 405 441
140 16 379 409
141 12 49 62
142 12 59 86
143 14 408 433
144 15 259 295
145 19 139 157
146 14 417 451
147 17 414 430
148 18 388 430
149 14 50 73
150 10 244 264
151 12 281 314
152 17 470 502
153 15 387 423
154 17 236 251
155 19 365 401
156 19 185 206
157 19 370 395
158 15 387 403
159 15 381 405
160 15 410 453
161 11 403 424
162 17 106 129
163 14 427 465
164 13 17 55
165 12 417 442
166 16 460 477
167 12 420 469
168 14 397 425
169 10 401 412
170 16 482 503
171 15 437 448
172 19 372 403
173 14 443 489
174 18 371 421
175 14 261 275
176 17 404 447
177 11 391 407
178 18 479 496
179 11 173 222
180 12 169 209
181 13 15 46
182 11 460 479
183 16 96 108
184 15 183 211
185 13 202 221
186 20 418 446
187 15 17 49
188 17 437 468
189 12 370 385
190 10 471 483
191 10 414 431
192 19 405 423
193 15 435 475
194 17 219 265
195 12 402 450
196 13 117 141
197 13 278 315
198 16 178 202
199 12 442 471
200 15 239 286
201 18 48 72
202 13 436 460
203 14 372 403
204 10 170 195
205 12 255 300
206 17 402 428
207 11 443 481
208 12 118 130
209 17 366 388
210 18 408 421
211 15 460 510
212 14 460 485
213 15 83 97
214 18 255 280
215 13 16 39
216 19 440 478
217 20 182 218
218 20 398 422
219 12 371 412
220 19 12 47
221 15 371 398
222 14 417 429
223 17 242 268
224 18 253 268
225 17 155 166
226 13 398 436
227 19 186 198
228 18 453 480
229 18 433 474
230 10 425 470
231 15 225 249
232 10 38 61
233 13 86 115
234 16 69 93
235 13 388 437
236 20 471 486
237 18 108 137
238 12 414 441
239 13 72 120
240 19 427 471
241 10 453 489
242 13 420 468
243 19 388 425
244 13 418 433
245 11 270 281
246 14 480 527
247 12 380 404
248 19 473 487
249 18 385 426
250 19 439 459
251 19 467 495
252 18 222 237
253 11 16 46
254 12 476 486
255 17 166 182
256 10 246 256
257 17 413 429
258 13 128 170
259 11 369 419
260 13 222 237
261 15 447 489
262 20 140 157
263 13 58 94
264 11 201 226
265 20 72 117
266 19 54 92
267 20 451 472
268 13 422 434
269 11 455 487
270 16 364 412
271 14 450 489
272 12 479 516
273 17 437 483
274 19 448 469
275 19 115 160
276 19 150 166
277 14 377 425
278 12 53 65
279 15 429 469
280 18 267 280
281 10 361 402
282 15 479 524
283 12 93 113
284 19 470 498
285 14 413 437
286 12 471 487
287 19 109 123
288 15 479 501
289 11 386 426
290 14 398 447
291 18 431 477
292 15 395 442
293 17 164 179
294 13 239 260
295 15 31 76
296 13 423 460
297 19 132 156
298 15 399 426
299 12 467 487
300 19 170 207
301 17 463 492
302 12 450 465
303 10 379 389
304 17 124 157
305 13 479 507
306 17 45 67
307 17 362 402
308 17 397 421
309 20 172 200
310 10 93 121
311 11 193 210
312 11 129 172
313 16 175 202
314 18 210 241
315 11 282 309
316 16 477 526
317 11 280 305
318 10 448 466
319 15 407 443
320 17 240 282
321 17 1 25
322 17 481 492
323 17 404 446
324 14 418 459
325 13 402 438
326 18 457 467
327 20 374 404
328 11 405 417
329 14 412 456
330 10 419 440
331 10 156 167
332 13 83 132
333 14 462 473
334 15 379 403
335 19 128 158
336 20 107 130
337 17 402 428
338 19 173 194
339 12 473 511
340 10 366 412
341 10 248 269
342 19 112 141
343 14 380 412
344 15 178 224
345 17 375 414
346 10 442 482
347 19 5 23
348 17 429 479
349 20 410 444
350 13 42 89
351 12 427 452
352 12 465 500
353 16 442 462
354 15 391 404
355 15 61 76
356 12 76 112
357 12 161 177
358 20 406 425
359 13 362 396
360 19 360 370
361 15 168 180
362 11 161 181
363 17 147 159
364 14 424 442
365 20 64 97
366 16 4 54
367 15 203 250
368 13 427 444
369 12 130 166
370 15 139 176
371 20 382 410
372 11 230 258
373 18 7 55
374 16 414 452
375 12 425 448
376 11 191 207
377 20 151 197
378 19 458 503
379 15 381 391
380 19 58 77
381 19 79 127
382 17 248 298
383 10 196 212
384 16 410 441
385 12 448 471
386 17 451 491
387 13 460 505
388 15 435 452
389 18 461 510
390 11 434 480
391 13 157 173
392 15 380 420
393 14 433 466
394 13 192 240
395 19 404 447
396 13 127 171
397 13 394 415
398 11 377 418
399 12 454 474
400 10 431 457
401 20 124 156
402 17 52 75
403 10 170 215
404 10 179 228
405 14 194 223
406 10 173 217
407 17 32 79
408 18 473 498
409 10 429 451
410 14 277 321
411 12 437 474
412 17 224 253
413 17 405 415
414 14 232 254
415 12 478 515
416 14 177 219
417 13 11 46
418 18 410 433
419 14 368 394
420 12 42 57
421 18 360 394
422 14 204 222
423 15 372 408
424 12 472 500
425 17 466 497
426 16 448 475
427 18 13 49
428 11 85 126
429 20 445 482
430 10 143 167
431 14 261 299
432 13 92 115
433 16 129 148
434 12 402 422
435 12 260 310
436 18 95 110
437 13 264 314
438 15 372 394
439 18 101 133
440 10 423 471
441 13 103 147
442 10 456 468
443 10 390 403
444 19 365 411
445 17 254 274
446 11 229 244
447 16 446 478
448 13 141 179
449 17 84 134
450 14 472 520
451 20 6 42
452 14 418 453
453 12 436 456
454 12 456 499
455 13 392 422
456 12 405 436
457 10 57 75
458 12 152 193
459 13 14 39
460 13 441 463
461 15 454 490
462 17 6 31
463 17 221 237
464 20 108 128
465 16 454 501
466 10 20 44
467 10 91 131
468 10 242 255
469 11 415 454
470 12 210 254
471 17 457 500
472 16 483 503
473 19 256 276
474 20 114 151
475 10 142 177
476 12 22 57
477 19 104 126
478 12 207 257
479 10 281 295
480 20 483 495
481 20 64 95
482 20 363 406
483 12 72 89
484 10 95 107
485 11 103 130
486 14 246 273
487 20 466 498
488 12 383 395
489 18 113 130
490 15 433 463
491 15 473 504
492 14 378 408
493 14 443 457
494 12 410 438
495 19 8 55
496 16 453 503
497 10 194 232
498 12 416 463
499 20 378 427
