540
0 0 0 0
1 60 300 360
2 11 188 230
3 18 251 305
4 11 466 546
5 11 466 554
6 20 53 106
7 16 445 496
8 16 387 430
9 15 450 529
10 15 464 504
11 10 196 271
12 10 26 75
13 15 173 203
14 15 417 497
15 19 480 544
16 20 499 587
17 19 251 328
18 15 489 559
19 12 235 268
20 14 360 414
21 15 170 256
22 10 173 238
23 17 42 104
24 20 500 563
25 12 74 105
26 19 15 89
27 14 487 550
28 16 251 341
29 18 446 507
30 16 69 119
31 15 162 226
32 11 390 455
33 19 394 434
34 18 161 194
35 15 135 166
36 14 233 285
37 11 84 147
38 16 156 230
39 18 175 260
40 19 255 300
41 15 407 477
42 13 426 499
43 11 439 503
44 11 405 465
45 12 481 536
46 16 128 210
47 17 450 534
48 19 435 482
49 19 429 475
