540
0 0 0 0
1 60 300 360
2 19 55 98
3 20 2 42
4 14 466 487
5 20 27 44
6 17 118 152
7 12 464 511
8 13 444 487
9 17 446 479
10 20 181 199
11 18 32 46
12 18 110 131
13 11 425 462
14 14 15 37
15 13 448 497
16 17 369 399
17 16 366 404
18 17 474 521
19 16 30 77
20 11 382 432
21 19 361 384
22 12 453 495
23 15 391 425
24 17 183 210
25 20 125 163
26 13 119 136
27 13 267 300
28 15 197 215
29 18 212 237
30 10 429 448
31 11 78 116
32 14 3 17
33 15 380 409
34 17 173 212
35 12 208 245
36 11 112 126
37 17 106 136
38 15 428 471
39 12 383 394
40 16 406 427
41 20 395 415
42 17 441 458
43 17 51 65
44 15 460 504
45 13 473 483
46 11 474 513
47 20 217 253
48 15 459 488
49 20 439 453
50 16 378 414
51 16 45 65
52 18 86 122
53 18 47 67
54 20 383 395
55 19 34 76
56 20 380 396
57 17 360 371
58 13 259 298
59 11 422 447
60 18 396 411
61 20 432 480
62 17 131 142
63 10 416 427
64 18 267 297
65 12 224 268
66 17 73 86
67 18 372 403
68 14 133 171
69 15 47 63
70 13 89 127
71 18 381 430
72 15 425 439
73 19 48 81
74 14 274 320
75 13 236 258
76 11 409 441
77 10 99 136
78 14 434 479
79 16 144 166
80 12 402 439
81 11 18 51
82 20 65 94
83 11 417 457
84 17 395 412
85 16 271 312
86 19 228 239
87 14 396 414
88 10 441 473
89 17 54 82
90 18 404 433
91 18 405 451
92 18 18 31
93 16 369 414
94 18 123 159
95 11 148 163
96 13 59 90
97 10 426 441
98 18 401 445
99 12 458 486
100 11 396 431
101 16 460 489
102 13 431 456
103 17 214 224
104 10 10 47
105 19 102 148
106 18 466 497
107 12 214 226
108 18 411 452
109 20 220 268
110 17 382 427
111 10 157 203
112 16 457 498
113 10 398 437
114 12 13 47
115 15 474 490
116 11 127 153
117 17 442 458
118 14 15 45
119 16 222 257
120 20 460 497
121 20 451 467
122 12 405 446
123 15 216 227
124 13 447 473
125 15 3 34
126 11 194 228
127 16 360 403
128 10 46 94
129 11 472 504
130 20 52 98
131 11 406 448
132 20 375 414
133 20 363 400
134 20 154 180
135 17 388 425
136 17 452 468
137 13 473 492
138 17 244 263
139 11 404 440
140 16 378 408
141 12 49 62
142 12 58 85
143 14 407 432
144 15 256 292
145 19 138 156
146 14 416 450
147 17 413 429
148 18 387 429
149 14 50 73
150 10 241 261
151 12 278 311
152 17 467 499
153 15 387 423
154 17 234 249
155 19 365 401
156 19 184 205
157 19 370 395
158 15 386 402
159 15 380 404
160 15 409 452
161 11 402 423
162 17 105 128
163 14 426 464
164 13 16 54
165 12 416 441
166 16 457 474
167 12 418 467
168 14 396 424
169 10 400 411
170 16 479 500
171 15 435 446
172 19 371 402
173 14 441 487
174 18 370 420
175 14 258 272
176 17 403 446
177 11 390 406
178 18 476 493
179 11 171 220
180 12 167 207
181 13 15 46
182 11 458 477
183 16 95 107
184 15 181 209
185 13 199 218
186 20 416 444
187 15 17 49
188 17 435 466
189 12 370 385
190 10 469 481
191 10 413 430
192 19 404 422
193 15 433 473
194 17 217 263
195 12 401 449
196 13 116 140
197 13 276 313
198 16 176 200
199 12 440 469
200 15 236 283
201 18 48 72
202 13 434 458
203 14 372 403
204 10 168 193
205 12 252 297
206 17 401 427
207 11 441 479
208 12 116 128
209 17 366 388
210 18 407 420
211 15 458 508
212 14 458 483
213 15 82 96
214 18 252 277
215 13 16 39
216 19 438 476
217 20 180 216
218 20 397 421
219 12 371 412
220 19 12 47
221 15 370 397
222 14 416 428
223 17 240 266
224 18 251 266
225 17 154 165
226 13 397 435
227 19 184 196
228 18 451 478
229 18 432 473
230 10 424 469
231 15 222 246
232 10 37 60
233 13 85 114
234 16 68 92
235 13 387 436
236 20 468 483
237 18 107 136
238 12 413 440
239 13 71 119
240 19 425 469
241 10 451 487
242 13 418 466
243 19 388 425
244 13 417 432
245 11 267 278
246 14 477 524
247 12 380 404
248 19 471 485
249 18 385 426
250 19 438 458
251 19 465 493
252 18 220 235
253 11 16 46
254 12 474 484
255 17 164 180
256 10 243 253
257 17 412 428
258 13 127 169
259 11 369 419
260 13 219 234
261 15 444 486
262 20 138 155
263 13 57 93
264 11 199 224
265 20 71 116
266 19 53 91
267 20 448 469
268 13 421 433
269 11 453 485
270 16 364 412
271 14 448 487
272 12 476 513
273 17 435 481
274 19 446 467
275 19 114 159
276 19 148 164
277 14 376 424
278 12 53 65
279 15 427 467
280 18 264 277
281 10 361 402
282 15 476 521
283 12 92 112
284 19 468 496
285 14 412 436
286 12 468 484
287 19 108 122
288 15 476 498
289 11 385 425
290 14 397 446
291 18 430 476
292 15 394 441
293 17 162 177
294 13 237 258
295 15 31 76
296 13 422 459
297 19 131 155
298 15 398 425
299 12 465 485
300 19 168 205
301 17 460 489
302 12 448 463
303 10 378 388
304 17 123 156
305 13 476 504
306 17 44 66
307 17 362 402
308 17 396 420
309 20 170 198
310 10 92 120
311 11 191 208
312 11 128 171
313 16 173 200
314 18 208 239
315 11 279 306
316 16 474 523
317 11 277 302
318 10 446 464
319 15 406 442
320 17 237 279
321 17 1 25
322 17 478 489
323 17 403 445
324 14 416 457
325 13 401 437
326 18 455 465
327 20 374 404
328 11 404 416
329 14 411 455
330 10 418 439
331 10 155 166
332 13 82 131
333 14 459 470
334 15 378 402
335 19 127 157
336 20 106 129
337 17 401 427
338 19 171 192
339 12 470 508
340 10 366 412
341 10 245 266
342 19 111 140
343 14 380 412
344 15 176 222
345 17 375 414
346 10 440 480
347 19 5 23
348 17 428 478
349 20 408 442
350 13 41 88
351 12 425 450
352 12 463 498
353 16 440 460
354 15 390 403
355 15 61 76
356 12 75 111
357 12 159 175
358 20 405 424
359 13 362 396
360 19 360 370
361 15 166 178
362 11 160 180
363 17 145 157
364 14 423 441
365 20 64 97
366 16 4 54
367 15 201 248
368 13 425 442
369 12 129 165
370 15 137 174
371 20 381 409
372 11 228 256
373 18 6 54
374 16 413 451
375 12 424 447
376 11 189 205
377 20 150 196
378 19 455 500
379 15 380 390
380 19 57 76
381 19 78 126
382 17 245 295
383 10 194 210
384 16 409 440
385 12 446 469
386 17 449 489
387 13 458 503
388 15 434 451
389 18 459 508
390 11 432 478
391 13 155 171
392 15 379 419
393 14 432 465
394 13 190 238
395 19 403 446
396 13 125 169
397 13 393 414
398 11 377 418
399 12 452 472
400 10 430 456
401 20 122 154
402 17 51 74
403 10 168 213
404 10 177 226
405 14 192 221
406 10 172 216
407 17 32 79
408 18 470 495
409 10 428 450
410 14 274 318
411 12 436 473
412 17 221 250
413 17 404 414
414 14 230 252
415 12 475 512
416 14 175 217
417 13 11 46
418 18 408 431
419 14 368 394
420 12 41 56
421 18 360 394
422 14 201 219
423 15 372 408
424 12 469 497
425 17 464 495
426 16 446 473
427 18 13 49
428 11 84 125
429 20 443 480
430 10 142 166
431 14 258 296
432 13 91 114
433 16 128 147
434 12 401 421
435 12 257 307
436 18 94 109
437 13 261 311
438 15 372 394
439 18 100 132
440 10 421 469
441 13 102 146
442 10 453 465
443 10 389 402
444 19 365 411
445 17 251 271
446 11 227 242
447 16 444 476
448 13 139 177
449 17 84 134
450 14 469 517
451 20 6 42
452 14 417 452
453 12 434 454
454 12 453 496
455 13 391 421
456 12 404 435
457 10 56 74
458 12 150 191
459 13 14 39
460 13 439 461
461 15 452 488
462 17 5 30
463 17 219 235
464 20 106 126
465 16 452 499
466 10 19 43
467 10 90 130
468 10 240 253
469 11 414 453
470 12 208 252
471 17 455 498
472 16 480 500
473 19 253 273
474 20 113 150
475 10 141 176
476 12 22 57
477 19 103 125
478 12 205 255
479 10 278 292
480 20 480 492
481 20 64 95
482 20 363 406
483 12 71 88
484 10 94 106
485 11 102 129
486 14 243 270
487 20 463 495
488 12 382 394
489 18 112 129
490 15 431 461
491 15 470 501
492 14 377 407
493 14 441 455
494 12 409 437
495 19 8 55
496 16 451 501
497 10 192 230
498 12 415 462
499 20 377 426
