540
0 0 0 0
1 60 300 360
2 14 78 88
3 18 199 210
4 17 377 388
5 17 109 146
6 18 261 287
7 12 438 463
8 16 6 43
9 17 120 135
10 20 169 209
11 13 375 418
12 12 44 62
13 12 466 494
14 15 407 449
15 14 251 264
16 14 464 490
17 10 265 293
18 16 270 307
19 11 439 462
20 13 266 303
21 16 173 218
22 18 364 404
23 19 94 136
24 19 221 235
25 14 407 451
26 17 473 517
27 18 474 502
28 18 416 460
29 18 382 404
30 16 270 307
31 16 219 247
32 18 387 421
33 10 237 283
34 15 69 110
35 16 454 495
36 15 479 491
37 11 394 428
38 11 407 450
39 14 123 144
40 13 265 301
41 18 93 136
42 12 228 247
43 14 46 84
44 18 361 409
45 11 408 445
46 10 457 495
47 11 181 208
48 20 426 448
49 19 381 417
50 10 432 448
51 20 444 464
52 18 463 500
53 17 372 393
54 19 389 411
55 20 102 114
56 16 390 404
57 20 433 448
58 10 443 481
59 15 360 383
60 11 394 417
61 13 364 387
62 10 442 465
63 12 47 57
64 20 425 452
65 17 98 121
66 15 261 309
67 15 368 383
68 10 252 299
69 20 479 490
70 18 179 214
71 19 424 459
72 18 450 465
73 10 198 239
74 11 459 491
75 12 470 486
76 13 33 45
77 12 434 445
78 17 374 409
79 20 32 64
80 20 447 459
81 14 269 305
82 11 216 249
83 20 480 519
84 11 101 131
85 19 280 305
86 10 36 51
87 18 385 417
88 11 86 97
89 10 384 410
90 13 371 387
91 11 237 259
92 14 271 308
93 10 454 497
94 17 1 27
95 19 251 284
96 19 48 64
97 11 13 42
98 11 39 80
99 16 7 54
100 18 425 457
101 14 32 48
102 16 477 503
103 17 261 303
104 13 462 481
105 10 374 385
106 10 150 199
107 13 452 489
108 14 152 202
109 18 409 449
110 10 267 297
111 17 100 147
112 19 450 484
113 18 383 419
114 17 212 250
115 13 412 446
116 20 363 409
117 11 433 468
118 16 401 438
119 17 436 477
120 20 223 241
121 12 64 112
122 13 194 210
123 17 422 457
124 15 475 523
125 11 474 512
126 15 388 404
127 20 422 452
128 15 373 391
129 12 115 147
130 13 421 442
131 16 53 65
132 19 196 209
133 13 385 400
134 18 378 404
135 16 418 465
136 14 431 448
137 18 393 428
138 19 382 407
139 19 418 432
140 17 364 413
141 20 60 106
142 13 189 211
143 17 460 476
144 17 397 422
145 11 189 221
146 17 376 394
147 19 453 476
148 15 399 440
149 16 466 508
150 16 371 405
151 13 130 169
152 14 118 168
153 13 400 419
154 10 228 274
155 16 362 397
156 18 425 467
157 20 179 217
158 16 13 43
159 17 33 79
160 13 405 428
161 15 164 210
162 12 11 25
163 11 187 232
164 16 27 74
165 20 246 286
166 15 37 71
167 19 427 448
168 19 71 111
169 13 109 134
170 14 159 196
171 14 428 446
172 14 369 390
173 10 467 486
174 18 140 169
175 13 390 428
176 19 435 473
177 11 14 30
178 15 391 428
179 15 264 300
180 18 375 418
181 11 14 45
182 19 171 188
183 11 199 216
184 10 438 450
185 13 147 162
186 18 418 465
187 12 237 283
188 19 441 452
189 13 130 172
190 12 79 123
191 18 365 397
192 15 83 119
193 12 121 151
194 15 433 462
195 13 431 451
196 12 153 167
197 16 278 322
198 11 272 299
199 13 119 163
