540
0 0 0 0
1 60 300 360
2 10 455 475
3 14 392 408
4 13 421 462
5 20 216 227
6 15 49 83
7 19 267 279
8 11 249 266
9 18 437 464
10 11 93 109
11 17 190 220
12 20 444 458
13 17 95 112
14 17 99 131
15 20 380 416
16 14 170 207
17 16 442 465
18 15 394 406
19 20 36 48
20 12 31 44
21 14 406 440
22 10 410 438
23 12 240 273
24 10 36 85
25 10 467 500
26 10 37 52
27 11 44 81
28 16 251 284
29 11 410 452
30 20 93 141
31 18 417 440
32 12 87 133
33 19 106 154
34 20 380 392
35 18 175 203
36 10 467 485
37 13 443 455
38 16 257 300
39 18 453 466
40 11 421 445
41 20 106 144
42 11 390 401
43 11 151 168
44 10 170 206
45 14 425 466
46 17 478 496
47 18 63 103
48 17 428 472
49 11 450 494
50 13 241 277
51 19 118 141
52 18 435 484
53 13 126 173
54 18 42 59
55 16 393 424
56 17 467 492
57 14 381 419
58 14 181 218
59 14 395 434
60 17 230 266
61 16 185 215
62 17 18 29
63 17 92 104
64 20 65 76
65 14 475 523
66 18 217 249
67 18 277 306
68 18 420 435
69 12 450 493
70 15 222 247
71 12 448 488
72 19 230 249
73 19 226 247
74 12 258 269
75 11 139 173
76 18 470 497
77 10 468 486
78 13 271 312
79 17 395 426
80 15 417 436
81 12 367 411
82 13 395 443
83 15 72 110
84 16 60 110
85 15 386 400
86 12 249 278
87 16 403 422
88 10 1 16
89 10 420 452
90 13 5 50
91 19 221 253
92 20 63 75
93 15 468 482
94 19 79 100
95 18 396 407
96 12 395 428
97 17 383 428
98 14 202 244
99 19 183 208
100 11 178 220
101 12 157 206
102 16 470 502
103 18 32 51
104 10 388 403
105 10 412 425
106 18 424 454
107 15 442 480
108 13 434 457
109 11 472 491
110 19 441 451
111 14 386 403
112 19 383 406
113 12 371 413
114 14 386 412
115 12 477 493
116 11 420 430
117 16 113 156
118 16 368 391
119 18 407 429
120 13 364 414
121 14 446 457
122 19 454 470
123 13 390 435
124 20 430 477
125 18 151 165
126 15 431 442
127 10 106 129
128 15 191 208
129 12 15 51
130 20 124 151
131 17 179 201
132 18 233 262
133 13 403 427
134 18 378 417
135 12 437 459
136 15 82 112
137 12 444 469
138 16 369 406
139 14 378 394
140 12 389 432
141 12 366 388
142 13 375 412
143 13 217 238
144 20 229 265
145 12 473 513
146 16 239 283
147 16 257 303
148 10 269 317
149 15 426 442
150 17 477 522
151 13 369 388
152 14 472 483
153 10 90 107
154 17 137 175
155 12 365 377
156 13 437 481
157 17 253 276
158 10 175 200
159 20 195 243
160 15 398 446
161 12 421 459
162 14 459 494
163 17 433 460
164 20 401 422
165 18 21 31
166 17 44 67
167 12 365 414
168 19 61 108
169 20 142 180
170 11 384 409
171 14 409 425
172 11 256 280
173 19 109 137
174 20 99 115
175 13 246 283
176 12 454 493
177 14 174 213
178 10 96 139
179 14 218 246
180 18 425 464
181 19 144 174
182 14 150 170
183 11 469 519
184 17 374 384
185 19 99 127
186 12 124 140
187 11 212 227
188 19 387 436
189 14 392 440
190 13 400 423
191 11 40 71
192 12 233 245
193 10 242 258
194 18 409 440
195 10 411 447
196 14 403 451
197 19 126 152
198 15 387 415
199 10 466 476
200 10 379 414
201 11 362 378
202 16 62 92
203 20 94 128
204 11 461 508
205 15 396 408
206 20 224 255
207 14 106 136
208 18 42 76
209 17 402 425
210 16 122 155
211 11 469 491
212 10 469 512
213 15 427 444
214 19 272 316
215 20 382 432
216 11 150 170
217 12 273 310
218 11 392 434
219 19 25 55
220 14 233 276
221 16 402 439
222 16 363 394
223 19 402 449
224 12 185 204
225 13 434 483
226 20 369 401
227 14 234 268
228 12 472 488
229 14 20 37
230 13 31 55
231 19 428 459
232 12 193 219
233 20 234 274
234 18 271 288
235 12 445 490
236 13 49 66
237 14 236 274
238 15 464 500
239 18 163 198
240 10 471 509
241 13 455 495
242 11 222 260
243 15 370 416
244 13 396 436
245 15 378 409
246 12 163 190
247 19 50 84
248 17 446 466
249 10 407 448
250 14 459 508
251 10 380 392
252 14 32 51
253 12 428 441
254 11 426 465
255 13 51 69
256 11 427 463
257 19 169 184
258 11 210 256
259 16 219 245
260 12 162 187
261 10 108 151
262 16 90 120
263 14 384 403
264 10 122 139
265 18 422 435
266 10 403 438
267 15 23 65
268 19 398 414
269 10 468 512
270 12 428 463
271 15 110 148
272 12 273 293
273 18 262 273
274 19 12 52
275 17 174 220
276 15 474 493
277 20 456 474
278 14 164 201
279 17 278 319
280 10 22 65
281 14 424 442
282 16 113 158
283 12 189 218
284 17 377 396
285 20 450 475
286 18 186 215
287 14 452 487
288 18 233 265
289 17 77 99
290 19 455 485
291 12 264 314
292 11 217 253
293 20 206 232
294 13 411 439
295 17 130 163
296 16 92 142
297 16 433 465
298 14 390 433
299 15 365 411
