480
0 0 0 0
1 60 240 300
2 16 375 389
3 20 141 158
4 19 383 415
5 20 207 222
6 19 343 372
7 16 202 240
8 11 325 369
9 13 308 323
10 14 302 312
11 17 93 138
12 11 367 393
13 16 313 325
14 13 206 229
15 15 149 193
16 10 51 98
17 16 137 174
18 20 42 89
19 19 379 416
20 14 19 64
21 11 365 379
22 12 82 123
23 12 403 423
24 13 379 408
25 18 367 381
26 10 326 340
27 13 84 117
28 10 321 357
29 17 310 349
30 18 184 203
31 13 406 418
32 20 388 410
33 18 313 324
34 10 125 162
35 13 397 431
36 14 166 183
37 10 346 367
38 19 367 379
39 13 397 438
40 17 385 420
41 17 118 140
42 17 416 459
43 19 376 404
44 11 322 359
45 10 149 189
46 20 393 429
47 15 382 395
48 14 124 167
49 20 396 424
50 16 155 205
51 16 16 41
52 15 300 349
53 18 117 139
54 18 397 437
55 10 345 374
56 18 86 116
57 11 307 322
58 11 141 175
59 13 164 199
60 19 374 387
61 17 204 215
62 12 192 232
63 17 330 377
64 14 213 253
65 19 384 410
66 17 124 150
67 16 87 116
68 17 212 223
69 20 407 447
70 11 213 230
71 17 369 386
72 19 199 237
73 20 312 359
74 12 400 450
75 10 347 367
76 17 0 46
77 13 416 460
78 15 149 182
79 14 187 234
80 14 403 428
81 12 154 173
82 18 101 136
83 11 395 436
84 13 88 132
85 20 355 395
86 11 337 353
87 13 30 76
88 13 352 400
89 19 387 429
90 15 191 207
91 16 190 230
92 15 360 397
93 10 403 436
94 14 27 38
95 19 130 156
96 17 395 406
97 19 115 127
98 17 187 222
99 11 379 422
