480
0 0 0 0
1 60 240 300
2 17 106 181
3 16 425 463
4 12 114 203
5 19 423 478
6 19 351 409
7 17 307 391
8 19 175 254
9 19 316 372
10 16 434 493
11 14 91 163
12 15 341 390
13 19 98 134
14 11 118 204
15 19 21 100
16 19 14 65
17 16 104 187
18 17 169 254
19 19 314 380
20 11 126 165
21 14 337 403
22 18 196 285
23 18 114 189
24 17 155 235
25 11 93 173
26 18 422 487
27 18 413 464
28 13 310 389
29 12 14 93
30 17 402 489
31 11 71 108
32 15 156 245
33 10 50 112
34 16 315 366
35 16 432 489
36 17 346 418
37 19 157 187
38 19 400 467
39 16 77 165
40 10 315 351
41 17 200 262
42 13 394 434
43 19 380 425
44 10 346 393
45 16 342 377
46 10 33 83
47 20 109 186
48 13 186 272
49 13 23 62
50 19 91 168
51 15 321 404
52 11 140 199
53 17 16 69
54 10 158 200
55 19 113 173
56 20 106 137
57 19 159 225
58 10 392 460
59 13 127 182
60 20 30 111
61 10 344 384
62 18 60 109
63 17 122 180
64 15 122 166
65 18 80 167
66 16 393 481
67 12 408 457
68 16 361 411
69 20 142 203
70 11 432 519
71 10 440 508
72 11 395 471
73 15 431 512
74 13 100 180
75 16 300 349
76 17 324 359
77 14 408 467
78 11 198 269
79 20 13 71
80 12 19 80
81 19 110 169
82 17 368 437
83 14 22 85
84 13 87 124
85 16 55 111
86 19 429 502
87 14 21 81
88 15 192 241
89 20 344 377
90 16 77 121
91 13 426 494
92 12 422 484
93 17 65 131
94 10 353 397
95 20 430 469
96 12 193 246
97 18 32 102
98 13 138 168
99 11 177 229
100 14 158 196
101 12 344 422
102 14 139 218
103 20 303 378
104 12 53 125
105 12 70 150
106 16 115 165
107 15 334 419
108 15 44 104
109 17 130 182
110 18 313 366
111 14 357 445
112 10 419 503
113 10 311 363
114 18 116 180
115 19 100 159
116 14 51 137
117 14 48 81
118 17 327 415
119 18 368 450
120 11 48 125
121 14 345 416
122 16 51 110
123 15 106 171
124 19 111 190
125 15 410 471
126 16 20 96
127 19 324 385
128 11 71 109
129 12 419 473
130 19 61 114
131 14 350 429
132 16 68 113
133 12 145 216
134 18 385 450
135 12 334 413
136 17 324 367
137 19 27 91
138 15 104 143
139 11 406 495
140 15 35 67
141 10 172 224
142 18 392 427
143 13 374 438
144 15 82 133
145 15 66 103
146 19 333 393
147 14 105 156
148 15 159 215
149 17 356 443
150 10 314 383
151 16 340 391
152 11 404 490
153 17 85 163
154 10 348 422
155 12 404 468
156 12 426 512
157 11 373 429
158 18 31 69
159 17 100 181
160 15 303 336
161 16 398 482
162 13 172 203
163 14 136 202
164 13 431 484
165 16 318 403
166 14 335 377
167 17 13 92
168 11 116 195
169 19 315 399
170 18 10 43
171 16 415 488
172 20 151 189
173 12 326 409
174 15 423 500
175 16 429 481
176 12 359 393
177 16 341 393
178 11 310 387
179 13 318 358
180 16 304 355
181 20 354 434
182 18 300 370
183 16 37 73
184 18 421 492
185 15 352 422
186 13 21 87
187 12 96 142
188 20 13 83
189 12 113 186
190 17 355 392
191 13 402 435
192 11 54 129
193 11 18 83
194 15 374 431
195 19 417 504
196 12 319 350
197 11 319 396
198 18 424 471
199 16 353 426
200 11 361 421
201 12 389 429
202 13 323 399
203 17 384 465
204 14 417 463
205 10 413 464
206 18 433 507
207 19 124 212
208 14 161 199
209 16 8 67
210 18 318 349
211 18 122 172
212 19 156 205
213 15 57 146
214 18 54 107
215 16 58 112
216 15 343 374
217 12 38 117
218 10 116 187
219 10 50 129
220 20 152 187
221 11 176 248
222 11 105 156
223 17 389 471
224 18 357 447
225 14 185 247
226 12 303 385
227 17 395 474
228 11 200 257
229 20 55 110
230 12 165 231
231 19 385 433
232 20 306 368
233 18 367 409
234 18 168 234
235 18 19 93
236 20 54 104
237 18 189 223
238 14 105 195
239 20 396 460
240 17 421 506
241 10 367 431
242 14 124 156
243 10 90 120
244 17 396 468
245 17 65 149
246 18 424 455
247 16 53 97
248 14 87 125
249 16 402 471
250 20 159 248
251 14 87 120
252 14 87 148
253 19 150 225
254 16 115 145
255 20 179 230
256 16 360 442
257 10 30 86
258 10 147 184
259 15 353 441
260 16 117 149
261 15 140 190
262 15 324 354
263 16 15 60
264 11 410 453
265 20 88 118
266 16 353 421
267 12 345 427
268 20 383 454
269 12 15 62
270 12 195 277
271 17 314 355
272 18 71 161
273 13 412 478
274 20 372 402
275 17 162 234
276 19 162 247
277 19 138 215
278 20 439 474
279 20 439 482
280 12 388 438
281 18 416 488
282 14 59 130
283 17 319 377
284 12 61 103
285 14 31 88
286 18 321 403
287 11 52 123
288 15 391 442
289 11 396 474
290 14 46 136
291 16 183 261
292 14 348 381
293 20 17 74
294 17 8 82
295 11 409 497
296 14 370 433
297 11 190 249
298 15 183 232
299 19 420 463
300 17 79 143
301 15 334 416
302 13 423 506
303 16 356 428
304 11 74 157
305 11 29 91
306 20 47 85
307 15 365 409
308 19 305 360
309 14 12 64
310 11 344 388
311 17 379 453
312 20 76 147
313 20 19 90
314 12 328 379
315 13 187 246
316 19 326 386
317 19 426 457
318 16 115 171
319 17 14 56
320 10 401 444
321 13 310 380
322 10 401 465
323 20 9 97
324 16 61 109
325 13 396 438
326 12 56 133
327 18 314 389
328 11 199 256
329 12 31 66
330 15 339 428
331 16 395 476
332 11 174 223
333 13 0 54
334 13 335 393
335 18 314 355
336 15 365 438
337 19 36 124
338 18 430 479
339 11 192 229
340 17 106 176
341 13 382 459
342 15 99 165
343 14 341 430
344 13 388 459
345 13 134 216
346 10 399 447
347 12 33 112
348 18 423 478
349 12 121 203
350 10 367 414
351 14 157 225
352 18 307 384
353 12 345 390
354 18 149 219
355 18 117 198
356 11 5 59
357 13 23 83
358 17 153 217
359 10 301 357
360 10 411 494
361 14 108 198
362 13 301 377
363 14 123 160
364 10 404 438
365 11 196 238
366 20 349 386
367 11 389 435
368 13 322 392
369 11 336 371
370 15 309 344
371 19 58 132
372 19 404 462
373 15 190 250
374 11 154 215
375 16 380 422
376 15 91 137
377 16 29 64
378 14 124 193
379 20 438 493
380 16 37 123
381 20 352 403
382 18 107 178
383 18 109 179
384 17 31 104
385 13 75 162
386 11 414 460
387 17 346 424
388 18 391 421
389 15 331 391
390 16 341 399
391 16 376 443
392 17 177 245
393 16 398 482
394 17 17 106
395 12 340 382
396 19 411 441
397 18 192 228
398 18 361 391
399 11 161 202
400 19 385 473
401 13 125 196
402 16 129 163
403 11 181 214
404 13 376 424
405 12 438 478
406 15 336 417
407 19 75 117
408 19 393 433
409 19 314 392
410 10 356 394
411 18 130 203
412 11 436 521
413 14 406 469
414 14 175 239
415 15 357 417
416 14 397 469
417 17 53 91
418 20 381 471
419 11 342 376
420 13 311 368
421 20 369 410
422 10 66 104
423 19 325 407
424 12 159 247
425 13 165 241
426 11 139 205
427 11 18 93
428 10 387 471
429 12 9 61
430 10 318 350
431 11 89 137
432 11 381 420
433 19 371 404
434 17 414 466
435 12 406 458
436 14 0 82
437 10 70 135
438 15 81 149
439 15 67 136
440 20 304 347
441 20 165 214
442 11 62 109
443 10 112 159
444 14 397 480
445 10 107 163
446 14 422 483
447 10 319 362
448 11 2 74
449 15 53 137
450 19 73 129
451 15 20 65
452 15 156 212
453 14 375 464
454 19 409 469
455 16 81 123
456 14 26 73
457 17 184 219
458 16 67 154
459 17 339 415
460 16 381 454
461 16 341 427
462 18 381 439
463 12 197 275
464 10 167 201
465 10 330 405
466 19 421 493
467 18 195 235
468 15 69 129
469 13 359 392
470 13 384 453
471 18 333 370
472 15 439 517
473 19 102 164
474 20 423 500
475 15 166 224
476 20 95 128
477 12 381 437
478 17 137 212
479 16 339 407
480 13 382 452
481 20 199 279
482 14 411 456
483 13 345 376
484 11 85 118
485 17 188 221
486 18 185 269
487 20 425 497
488 16 337 376
489 15 127 178
490 13 366 410
491 15 150 239
492 15 151 215
493 17 8 75
494 15 198 273
495 12 2 58
496 13 424 483
497 15 30 91
498 17 384 418
499 15 436 476
500 17 169 226
501 14 427 501
502 13 390 467
503 11 319 405
504 10 96 174
505 19 316 368
506 19 136 190
507 20 19 85
508 13 80 162
509 17 150 208
510 11 80 152
511 11 382 436
512 14 326 384
513 10 429 519
514 10 176 241
515 18 95 154
516 14 166 246
517 15 5 57
518 18 135 169
519 16 378 466
520 12 49 100
521 11 320 365
522 12 43 118
523 14 192 247
524 17 362 434
525 12 128 186
526 18 22 98
527 16 356 438
528 19 396 467
529 12 122 187
530 15 336 394
531 19 317 404
532 15 347 428
533 13 401 472
534 12 416 480
535 18 128 198
536 14 67 129
537 17 19 109
538 15 339 423
539 13 5 85
540 19 25 109
541 14 409 476
542 19 431 479
543 10 336 367
544 11 388 431
545 12 428 514
546 18 418 472
547 10 304 366
548 16 383 414
549 14 432 508
550 16 418 482
551 12 112 164
552 14 338 405
553 12 62 148
554 15 422 456
555 17 164 227
556 11 342 406
557 16 340 384
558 17 383 428
559 15 167 222
560 16 21 93
561 19 43 115
562 13 112 159
563 17 181 249
564 10 361 410
565 12 47 104
566 20 353 394
567 12 140 171
568 12 1 86
569 20 434 487
570 20 140 186
571 16 418 501
572 15 46 135
573 12 351 413
574 19 334 373
575 18 348 427
576 10 121 184
577 13 191 247
578 16 338 388
579 12 393 447
580 13 59 93
581 15 56 144
582 20 352 426
583 14 308 350
584 19 343 398
585 16 134 190
586 13 21 86
587 19 108 153
588 19 170 200
589 12 302 389
590 12 20 63
591 12 399 446
592 13 360 392
593 19 396 476
594 12 393 432
595 20 116 171
596 16 14 50
597 19 80 160
598 15 304 369
599 20 432 494
600 16 361 427
601 15 419 507
602 20 312 356
603 17 198 271
604 19 336 383
605 20 67 125
606 18 316 386
607 14 198 232
608 20 154 227
609 18 336 397
610 12 84 115
611 12 50 136
612 11 163 214
613 14 101 142
614 19 48 120
615 12 374 432
616 18 380 469
617 10 427 465
618 19 393 436
619 16 92 145
620 10 360 435
621 19 325 379
622 16 344 382
623 20 382 433
624 12 147 187
625 20 92 158
626 13 382 427
627 20 407 444
628 19 315 391
629 12 327 396
630 17 0 52
631 15 359 431
632 13 27 78
633 16 353 404
634 15 172 249
635 10 337 422
636 11 319 409
637 13 40 107
638 11 86 117
639 17 154 237
640 20 341 371
641 13 33 83
642 20 19 89
643 20 417 447
644 11 199 275
645 10 345 426
646 12 56 117
647 17 139 189
648 10 93 145
649 10 117 176
650 20 166 245
651 18 152 240
652 15 25 59
653 15 148 204
654 20 406 453
655 15 9 86
656 10 413 473
657 11 343 415
658 13 370 436
659 12 72 154
660 14 311 381
661 13 350 417
662 11 322 365
663 11 117 188
664 10 365 448
665 12 125 214
666 13 368 412
667 14 364 443
668 14 367 429
669 12 149 195
670 12 312 383
671 11 329 371
672 10 426 482
673 12 128 160
674 11 188 243
675 10 61 119
676 13 391 436
677 14 395 468
678 10 126 189
679 14 26 109
680 18 96 133
681 16 369 414
682 11 388 469
683 10 137 204
684 17 88 125
685 14 358 408
686 17 429 513
687 13 51 85
688 19 35 107
689 20 359 403
690 20 177 219
691 13 361 394
692 18 344 430
693 17 156 244
694 19 429 510
695 17 174 211
696 12 86 116
697 11 117 150
698 20 80 122
699 15 99 166
700 14 395 454
701 10 337 420
702 14 349 392
703 10 41 107
704 11 50 131
705 14 401 476
706 17 428 470
707 13 304 350
708 19 139 205
709 17 304 344
710 12 160 234
711 17 350 405
712 18 45 120
713 13 6 83
714 12 346 436
715 10 329 371
716 11 128 173
717 20 50 98
718 11 356 435
719 10 151 241
720 20 400 473
721 20 375 430
722 12 384 457
723 11 126 201
724 13 398 436
725 15 80 149
726 10 159 197
727 18 138 216
728 14 437 467
729 18 179 249
730 19 365 416
731 18 388 438
732 19 54 85
733 12 127 162
734 15 72 106
735 14 438 494
736 14 41 117
737 16 439 502
738 20 131 217
739 13 13 68
740 10 375 407
741 19 105 160
742 14 58 136
743 18 406 443
744 16 42 100
745 16 385 416
746 10 87 122
747 10 79 163
748 11 399 483
749 16 131 202
750 14 22 63
751 15 306 355
752 12 384 436
753 16 8 38
754 10 403 487
755 10 436 478
756 17 168 221
757 15 20 103
758 19 408 466
759 14 181 216
760 16 32 90
761 16 7 81
762 14 51 101
763 20 13 73
764 16 429 513
765 18 336 407
766 12 316 346
767 20 377 424
768 19 140 185
769 15 348 435
770 10 17 97
771 18 27 75
772 18 381 432
773 16 63 134
774 12 15 98
775 11 61 104
776 16 345 397
777 11 373 445
778 11 394 453
779 19 14 70
780 15 40 81
781 13 72 138
782 20 342 383
783 20 413 488
784 17 137 213
785 20 45 104
786 10 170 252
787 11 64 135
788 16 336 376
789 15 76 132
790 18 93 156
791 10 407 488
792 19 380 430
793 19 403 441
794 14 100 182
795 18 332 392
796 11 386 418
797 17 323 393
798 19 307 337
799 17 395 481
800 17 349 406
801 13 388 466
802 20 113 151
803 19 77 165
804 12 329 364
805 18 138 222
806 13 367 417
807 16 27 97
808 16 90 168
809 12 30 63
810 11 366 456
811 12 181 230
812 19 347 403
813 11 20 92
814 10 333 415
815 17 154 215
816 10 429 499
817 11 7 66
818 12 422 498
819 14 9 80
820 19 43 115
821 18 53 142
822 12 1 64
823 17 310 375
824 11 200 264
825 14 195 226
826 19 429 498
827 16 77 154
828 15 303 364
829 13 375 444
830 11 356 389
831 12 37 103
832 14 344 377
833 11 410 488
834 19 435 514
835 14 76 136
836 16 127 196
837 14 303 347
838 11 392 445
839 16 396 461
840 10 360 443
841 20 143 220
842 15 414 488
843 17 392 453
844 19 193 244
845 16 182 248
846 20 345 414
847 10 300 343
848 18 175 250
849 14 38 102
850 11 165 225
851 12 85 174
852 10 390 440
853 16 194 253
854 16 363 447
855 20 357 442
856 19 130 167
857 18 200 277
858 18 111 187
859 19 354 391
860 14 403 467
861 12 410 447
862 15 345 396
863 13 334 366
864 16 139 220
865 13 122 188
866 12 435 471
867 12 196 237
868 16 157 187
869 13 153 189
870 20 199 268
871 14 435 516
872 16 10 72
873 14 386 456
874 10 137 207
875 18 97 159
876 18 357 404
877 10 324 376
878 18 163 230
879 19 42 120
880 10 164 220
881 15 408 484
882 11 79 136
883 11 103 157
884 12 52 138
885 13 130 200
886 15 136 188
887 16 432 507
888 10 332 400
889 15 104 170
890 18 399 453
891 12 194 264
892 18 434 489
893 16 160 228
894 10 391 428
895 18 137 215
896 15 360 433
897 10 81 133
898 15 101 173
899 11 65 136
900 13 399 445
901 19 182 259
902 18 88 128
903 13 383 415
904 20 392 482
905 14 22 87
906 16 308 359
907 19 411 484
908 13 162 207
909 19 411 464
910 11 71 139
911 14 388 452
912 19 0 79
913 10 87 134
914 17 74 164
915 20 427 505
916 18 416 447
917 17 336 399
918 15 396 439
919 12 196 256
920 20 319 376
921 18 121 156
922 10 431 487
923 20 349 397
924 14 17 83
925 13 60 123
926 11 8 60
927 16 401 433
928 17 345 401
929 12 167 216
930 11 168 199
931 14 332 362
932 18 131 221
933 16 80 129
934 17 384 425
935 16 62 95
936 12 325 361
937 10 43 97
938 10 46 117
939 12 167 205
940 10 397 429
941 15 381 439
942 11 401 469
943 16 366 412
944 17 337 375
945 20 104 139
946 20 323 378
947 13 115 151
948 17 318 369
949 10 320 371
950 16 100 132
951 14 78 117
952 11 149 199
953 13 73 108
954 20 190 236
955 14 196 272
956 13 97 162
957 17 68 112
958 10 52 102
959 12 320 379
960 20 301 377
961 17 344 434
962 13 417 499
963 14 404 439
964 13 401 479
965 10 184 246
966 20 335 412
967 11 188 250
968 11 43 81
969 17 3 55
970 10 118 152
971 11 341 407
972 16 362 431
973 14 366 413
974 12 373 444
975 19 118 207
976 18 319 369
977 13 316 358
978 12 355 413
979 15 377 446
980 17 156 233
981 15 306 375
982 20 418 496
983 20 86 133
984 12 355 398
985 17 92 171
986 14 165 223
987 16 67 102
988 19 125 175
989 19 354 384
990 12 343 386
991 11 50 138
992 12 421 501
993 14 358 447
994 16 25 79
995 10 187 252
996 10 93 157
997 15 426 487
998 16 66 131
999 12 358 438
