480
0 0 0 0
1 60 240 300
2 10 396 416
3 14 332 348
4 13 362 403
5 20 170 181
6 15 39 73
7 19 211 223
8 11 197 214
9 18 377 404
10 11 73 89
11 17 150 180
12 20 385 399
13 17 75 92
14 17 78 110
15 20 320 356
16 14 134 171
17 16 383 406
18 15 335 347
19 20 29 41
20 12 25 38
21 14 346 380
22 10 351 379
23 12 190 223
24 10 28 77
25 10 408 441
26 10 29 44
27 11 35 72
28 16 198 231
29 11 350 392
30 20 73 121
31 18 358 381
32 12 69 115
33 19 83 131
34 20 320 332
35 18 138 166
36 10 408 426
37 13 383 395
38 16 203 246
39 18 394 407
40 11 361 385
41 20 84 122
42 11 330 341
43 11 119 136
44 10 134 170
45 14 366 407
46 17 419 437
47 18 49 89
48 17 368 412
49 11 391 435
50 13 191 227
51 19 93 116
52 18 376 425
53 13 99 146
54 18 33 50
55 16 333 364
56 17 408 433
57 14 321 359
58 14 143 180
59 14 335 374
60 17 182 218
61 16 146 176
62 17 14 25
63 17 73 85
64 20 51 62
65 14 416 464
66 18 172 204
67 18 218 247
68 18 361 376
69 12 390 433
70 15 175 200
71 12 388 428
72 19 182 201
73 19 179 200
74 12 204 215
75 11 110 144
76 18 411 438
77 10 409 427
78 13 214 255
79 17 336 367
80 15 357 376
81 12 307 351
82 13 335 383
83 15 56 94
84 16 47 97
85 15 327 341
86 12 197 226
87 16 343 362
88 10 1 16
89 10 361 393
90 13 3 48
91 19 175 207
92 20 50 62
93 15 409 423
94 19 62 83
95 18 336 347
96 12 336 369
97 17 323 368
98 14 159 201
99 19 144 169
100 11 140 182
101 12 124 173
102 16 411 443
103 18 25 44
104 10 328 343
105 10 352 365
106 18 365 395
107 15 382 420
108 13 375 398
109 11 413 432
110 19 382 392
111 14 326 343
112 19 323 346
113 12 311 353
114 14 326 352
115 12 418 434
116 11 360 370
117 16 89 132
118 16 308 331
119 18 348 370
120 13 304 354
121 14 387 398
122 19 395 411
123 13 331 376
124 20 371 418
125 18 120 134
126 15 372 383
127 10 84 107
128 15 151 168
129 12 12 48
130 20 98 125
131 17 141 163
132 18 184 213
133 13 343 367
134 18 318 357
135 12 377 399
136 15 65 95
137 12 385 410
138 16 309 346
139 14 318 334
140 12 329 372
141 12 306 328
142 13 316 353
143 13 171 192
144 20 181 217
145 12 414 454
146 16 189 233
147 16 203 249
148 10 213 261
149 15 367 383
150 17 418 463
151 13 309 328
152 14 413 424
153 10 71 88
154 17 108 146
155 12 305 317
156 13 378 422
157 17 200 223
158 10 138 163
159 20 154 202
160 15 338 386
161 12 361 399
162 14 400 435
163 17 373 400
164 20 342 363
165 18 16 26
166 17 35 58
167 12 305 354
168 19 48 95
169 20 112 150
170 11 325 350
171 14 350 366
172 11 202 226
173 19 86 114
174 20 78 94
175 13 195 232
176 12 395 434
177 14 138 177
178 10 76 119
179 14 172 200
180 18 366 405
181 19 114 144
182 14 118 138
183 11 410 460
184 17 314 324
185 19 78 106
186 12 98 114
187 11 167 182
188 19 327 376
189 14 332 380
190 13 340 363
191 11 31 62
192 12 184 196
193 10 191 207
194 18 350 381
195 10 351 387
196 14 344 392
197 19 100 126
198 15 327 355
199 10 406 416
200 10 319 354
201 11 302 318
202 16 49 79
203 20 74 108
204 11 401 448
205 15 337 349
206 20 177 208
207 14 84 114
208 18 33 67
209 17 342 365
210 16 97 130
211 11 409 431
212 10 410 453
213 15 368 385
214 19 215 259
215 20 322 372
216 11 119 139
217 12 216 253
218 11 332 374
219 19 19 49
220 14 184 227
221 16 343 380
222 16 303 334
223 19 343 390
224 12 146 165
225 13 375 424
226 20 309 341
227 14 184 218
228 12 413 429
229 14 16 33
230 13 24 48
231 19 369 400
232 12 152 178
233 20 185 225
234 18 214 231
235 12 386 431
236 13 39 56
237 14 186 224
238 15 405 441
239 18 128 163
240 10 412 450
241 13 396 436
242 11 176 214
243 15 310 356
244 13 337 377
245 15 318 349
246 12 129 156
247 19 40 74
248 17 387 407
249 10 347 388
250 14 400 449
251 10 320 332
252 14 25 44
253 12 369 382
254 11 367 406
255 13 40 58
256 11 367 403
257 19 134 149
258 11 166 212
259 16 173 199
260 12 128 153
261 10 86 129
262 16 71 101
263 14 325 344
264 10 96 113
265 18 363 376
266 10 343 378
267 15 18 60
268 19 339 355
269 10 409 453
270 12 369 404
271 15 87 125
272 12 216 236
273 18 207 218
274 19 9 49
275 17 137 183
276 15 415 434
277 20 396 414
278 14 130 167
279 17 220 261
280 10 17 60
281 14 365 383
282 16 89 134
283 12 149 178
284 17 317 336
285 20 391 416
286 18 147 176
287 14 393 428
288 18 184 216
289 17 61 83
290 19 396 426
291 12 209 259
292 11 171 207
293 20 163 189
294 13 351 379
295 17 102 135
296 16 72 122
297 16 373 405
298 14 330 373
299 15 305 351
