480
0 0 0 0
1 60 240 300
2 16 388 425
3 20 129 170
4 19 398 460
5 20 189 226
6 19 350 409
7 16 184 256
8 11 330 410
9 13 310 348
10 14 302 332
11 17 85 167
12 11 379 433
13 16 316 349
14 13 188 238
15 15 136 217
16 10 46 131
17 16 125 196
18 20 39 124
19 19 392 463
20 14 18 100
21 11 377 413
22 12 75 152
23 12 421 466
24 13 393 452
25 18 378 414
26 10 331 367
27 13 77 142
28 10 325 394
29 17 311 384
30 18 169 213
31 13 425 458
32 20 404 452
33 18 315 347
34 10 115 186
35 13 414 480
36 14 151 192
37 10 355 402
38 19 379 413
39 13 414 490
40 17 400 468
41 17 108 157
42 17 437 516
43 19 390 447
44 11 326 396
45 10 136 211
46 20 409 478
47 15 397 432
48 14 113 193
49 20 413 470
50 16 141 231
51 16 15 67
52 15 300 389
53 18 107 155
54 18 414 489
55 10 353 412
56 18 79 139
57 11 308 346
58 11 129 194
59 13 149 216
60 19 388 423
61 17 186 218
62 12 176 250
63 17 335 420
64 14 195 269
65 19 399 453
66 17 113 167
67 16 80 139
68 17 194 226
69 20 426 501
70 11 194 235
71 17 381 422
72 19 182 253
73 20 314 399
74 12 418 507
75 10 356 401
76 17 0 84
77 13 437 518
78 15 136 201
79 14 171 257
80 14 421 473
81 12 141 184
82 18 93 160
83 11 412 488
84 13 81 161
85 20 365 439
86 11 343 382
87 13 27 111
88 13 362 449
89 19 403 480
90 15 175 213
91 16 173 247
92 15 370 440
93 10 422 487
94 14 24 55
95 19 119 172
96 17 412 443
97 19 105 138
98 17 171 239
99 11 393 472
