480
0 0 0 0
1 60 240 300
2 18 323 353
3 11 348 389
4 11 396 430
5 20 412 440
6 16 83 116
7 16 340 376
8 15 47 88
9 15 395 426
10 10 320 346
11 10 388 405
12 15 68 88
13 15 301 338
14 19 178 214
15 20 367 416
16 19 413 438
17 15 391 439
18 12 379 403
19 14 306 350
20 15 88 105
21 10 410 429
22 17 369 389
23 20 116 147
24 12 364 386
25 19 6 18
26 14 158 206
27 16 363 374
28 18 417 447
29 16 361 376
30 15 73 100
31 11 365 411
32 19 125 175
33 18 36 57
34 15 306 329
35 14 303 332
36 11 343 367
37 16 119 143
38 18 386 400
39 19 406 423
40 15 330 361
41 13 145 182
42 11 154 194
43 11 367 412
44 12 107 142
45 16 350 374
46 17 186 220
47 19 405 437
48 19 334 381
49 14 59 73
