480
0 0 0 0
1 60 240 300
2 14 61 71
3 18 158 169
4 17 317 328
5 17 86 123
6 18 207 233
7 12 380 405
8 16 4 41
9 17 95 110
10 20 134 174
11 13 315 358
12 12 35 53
13 12 407 435
14 15 347 389
15 14 199 212
16 14 405 431
17 10 210 238
18 16 214 251
19 11 380 403
20 13 211 248
21 16 137 182
22 18 304 344
23 19 75 117
24 19 176 190
25 14 348 392
26 17 415 459
27 18 416 444
28 18 357 401
29 18 322 344
30 16 214 251
31 16 173 201
32 18 327 361
33 10 188 234
34 15 55 96
35 16 395 436
36 15 421 433
37 11 335 369
38 11 348 391
39 14 97 118
40 13 210 246
41 18 73 116
42 12 181 200
43 14 37 75
44 18 301 349
45 11 349 386
46 10 398 436
47 11 144 171
48 20 367 389
49 19 321 357
50 10 373 389
51 20 385 405
52 18 404 441
53 17 312 333
54 19 330 352
55 20 81 93
56 16 331 345
57 20 374 389
58 10 385 423
59 15 300 323
60 11 335 358
61 13 304 327
62 10 383 406
63 12 37 47
64 20 366 393
65 17 78 101
66 15 207 255
67 15 308 323
68 10 200 247
69 20 421 432
70 18 142 177
71 19 365 400
72 18 391 406
73 10 157 198
74 11 401 433
75 12 412 428
76 13 26 38
77 12 375 386
78 17 315 350
79 20 26 58
80 20 388 400
81 14 213 249
82 11 172 205
83 20 422 461
84 11 80 110
85 19 222 247
86 10 28 43
87 18 325 357
88 11 68 79
89 10 325 351
90 13 311 327
91 11 188 210
92 14 215 252
93 10 396 439
94 17 0 26
95 19 199 232
96 19 38 54
97 11 10 39
98 11 31 72
99 16 5 52
100 18 366 398
101 14 25 41
102 16 419 445
103 17 207 249
104 13 404 423
105 10 315 326
106 10 119 168
107 13 393 430
108 14 120 170
109 18 350 390
110 10 212 242
111 17 79 126
112 19 391 425
113 18 324 360
114 17 168 206
115 13 352 386
116 20 303 349
117 11 375 410
118 16 342 379
119 17 377 418
120 20 177 195
121 12 51 99
122 13 154 170
123 17 363 398
124 15 417 465
125 11 415 453
126 15 329 345
127 20 363 393
128 15 313 331
129 12 91 123
130 13 362 383
131 16 42 54
132 19 156 169
133 13 325 340
134 18 318 344
135 16 358 405
136 14 372 389
137 18 333 368
138 19 323 348
139 19 359 373
140 17 305 354
141 20 47 93
142 13 150 172
143 17 401 417
144 17 338 363
145 11 150 182
146 17 317 335
147 19 395 418
148 15 340 381
149 16 408 450
150 16 311 345
151 13 103 142
152 14 94 144
153 13 341 360
154 10 181 227
155 16 302 337
156 18 366 408
157 20 142 180
158 16 10 40
159 17 26 72
160 13 345 368
161 15 130 176
162 12 8 22
163 11 148 193
164 16 22 69
165 20 195 235
166 15 29 63
167 19 368 389
168 19 56 96
169 13 86 111
170 14 126 163
171 14 369 387
172 14 309 330
173 10 409 428
174 18 111 140
175 13 331 369
176 19 376 414
177 11 11 27
178 15 331 368
179 15 210 246
180 18 315 358
181 11 11 42
182 19 135 152
183 11 158 175
184 10 379 391
185 13 117 132
186 18 359 406
187 12 188 234
188 19 383 394
189 13 103 145
190 12 62 106
191 18 305 337
192 15 65 101
193 12 96 126
194 15 374 403
195 13 373 393
196 12 121 135
197 16 221 265
198 11 216 243
199 13 95 139
